gaitPhase	pelvis_tilt_moment	pelvis_list_moment	pelvis_rotation_moment	pelvis_tx_force	pelvis_ty_force	pelvis_tz_force	hip_flexion_r_moment	hip_adduction_r_moment	hip_rotation_r_moment	hip_flexion_l_moment	hip_adduction_l_moment	hip_rotation_l_moment	lumbar_extension_moment	lumbar_bending_moment	lumbar_rotation_moment	knee_angle_r_moment	knee_angle_l_moment	ankle_angle_r_moment	ankle_angle_l_moment	subtalar_angle_r_moment	subtalar_angle_l_moment	mtp_angle_r_moment	mtp_angle_l_moment	
0.00	172.22	331.46	266.77	579.68	690.05	2444.74	59.16	100.68	10.84	26.37	66.20	9.00	38.99	131.24	13.43	8.58	5.07	9.27	1.21	2.32	1.16	0.03	0.05	
0.00	122.49	242.63	181.68	396.31	484.63	1611.83	37.95	71.99	6.50	19.73	48.56	6.37	30.36	99.89	11.14	7.16	5.61	8.12	2.53	2.12	1.60	0.02	0.03	
0.00	85.04	160.23	122.11	271.35	325.77	1105.86	27.12	46.61	4.88	20.05	32.30	4.54	22.20	66.32	6.84	5.35	6.50	7.46	3.14	1.88	1.85	0.02	0.03	
0.00	104.63	186.31	142.07	321.27	374.41	1275.29	30.59	55.34	5.09	21.76	36.78	5.06	25.96	76.74	7.36	5.26	6.96	7.56	3.58	1.94	1.84	0.02	0.08	
0.00	164.86	313.24	243.96	502.83	632.92	2187.02	49.34	94.48	8.02	28.36	62.91	8.06	43.38	125.38	13.33	6.99	10.93	8.63	4.50	2.30	1.93	0.03	0.17	
0.00	163.63	323.15	246.81	501.60	639.19	2180.06	52.05	92.75	7.60	29.38	61.27	7.74	41.34	134.65	17.48	9.59	7.66	10.43	6.83	3.00	3.06	0.03	0.11	
0.00	126.42	192.08	150.62	314.57	402.02	1336.83	32.78	57.55	4.20	30.21	38.21	4.50	36.75	79.07	11.60	7.77	12.24	12.18	8.44	3.69	2.95	0.02	0.12	
0.00	84.88	151.58	110.25	230.26	288.71	957.56	24.28	43.26	3.50	21.26	32.26	4.81	30.62	66.17	10.83	7.14	11.55	13.50	7.99	4.14	2.65	0.03	0.05	
0.00	130.72	213.72	166.28	340.44	458.50	1427.18	31.67	62.56	4.89	34.46	42.83	7.03	44.20	93.35	15.44	8.03	7.75	14.30	8.26	4.37	2.74	0.03	0.05	
0.00	177.17	318.10	245.78	473.30	673.60	2079.17	40.64	95.31	6.94	36.07	53.58	7.19	55.06	135.62	18.67	9.66	8.80	14.27	10.18	4.59	3.38	0.05	0.02	
0.00	212.07	351.77	278.92	514.24	783.84	2417.06	44.25	107.51	7.03	33.20	58.61	8.82	63.05	143.52	15.45	8.56	12.42	13.44	11.03	4.53	3.64	0.04	0.02	
0.00	164.27	224.26	192.11	378.50	533.16	1652.31	36.30	71.99	7.83	27.80	40.16	6.66	62.35	90.23	14.31	6.97	12.29	12.93	11.87	4.27	4.00	0.04	0.01	
0.00	190.94	258.71	230.09	516.02	649.69	2057.65	51.83	77.23	9.29	37.16	39.47	7.57	59.65	107.31	14.36	7.15	11.43	12.20	12.70	4.15	4.69	0.03	0.01	
0.00	88.52	82.51	70.20	195.44	243.23	603.97	19.59	21.34	6.05	16.23	14.56	6.45	63.24	40.11	20.22	5.98	13.30	11.84	13.14	3.88	5.34	0.03	0.01	
0.00	59.02	34.06	28.87	100.65	136.42	220.18	10.67	9.96	4.88	11.15	10.00	6.78	45.92	23.39	15.88	4.64	13.98	11.85	13.56	3.85	5.73	0.02	0.01	
0.00	65.81	29.55	23.17	94.16	142.68	157.54	10.91	7.90	3.29	10.35	8.02	7.09	47.61	19.66	15.09	3.82	14.78	11.57	13.58	3.78	6.03	0.02	0.01	
0.00	60.21	29.76	20.51	102.27	128.82	135.89	9.37	7.73	3.20	13.15	9.69	7.40	49.96	20.94	14.99	3.23	16.12	11.94	13.27	3.69	6.20	0.02	0.00	
0.00	58.63	26.86	20.47	112.24	157.26	140.74	10.34	8.08	3.64	12.29	9.40	7.31	48.84	18.68	11.46	3.88	16.73	11.97	12.88	3.78	6.24	0.03	0.01	
0.00	178.00	175.27	159.92	388.61	531.97	1432.16	34.81	56.34	6.61	27.35	27.74	6.97	64.98	71.19	15.01	5.63	18.65	11.73	12.47	3.93	6.14	0.03	0.01	
0.00	134.37	168.44	140.12	328.87	422.58	1262.27	27.24	54.22	4.93	23.59	29.25	8.23	49.80	69.89	11.73	5.61	19.00	11.44	12.07	3.92	5.99	0.02	0.01	
0.00	173.29	202.63	172.18	403.85	548.53	1564.56	29.40	65.39	5.51	27.71	33.41	8.31	56.84	83.61	11.73	5.29	17.76	11.07	11.74	4.02	5.85	0.01	0.02	
0.00	175.97	212.20	180.58	405.18	527.80	1630.43	31.06	68.28	5.92	28.45	34.56	7.47	63.31	86.39	11.89	5.41	17.95	10.45	11.45	4.12	5.73	0.02	0.02	
0.00	206.36	284.89	232.71	546.60	687.37	2109.06	34.90	92.05	6.25	28.59	50.04	8.63	63.17	118.72	11.79	6.13	17.72	9.74	11.33	4.24	5.60	0.02	0.02	
0.00	201.16	256.71	210.55	513.42	635.73	1915.06	33.33	81.28	6.88	31.73	46.53	8.87	61.24	107.74	11.37	5.87	15.65	9.05	11.37	4.47	5.36	0.01	0.02	
0.00	166.45	221.98	178.92	459.15	480.97	1612.24	28.55	70.30	5.47	28.85	40.55	8.22	55.16	92.68	9.39	5.91	14.83	8.17	11.18	4.73	5.15	0.01	0.02	
0.00	189.14	245.34	198.42	545.36	555.93	1834.71	32.89	78.26	6.59	28.50	45.10	7.90	58.51	102.95	9.34	5.74	12.79	7.43	11.08	4.89	4.77	0.01	0.02	
0.00	221.57	269.79	225.66	661.51	573.66	2031.76	40.37	86.43	7.55	33.40	51.20	9.02	71.60	113.16	10.18	6.99	10.58	6.56	11.00	5.21	4.33	0.01	0.02	
0.00	171.15	259.85	196.55	557.23	522.53	1785.41	20.97	83.75	3.95	24.41	54.43	8.56	57.49	105.59	9.56	5.89	10.80	5.66	10.85	5.51	3.95	0.01	0.02	
0.00	67.63	92.30	70.68	217.23	227.33	635.65	11.20	29.77	3.43	14.99	20.82	5.14	32.56	38.53	5.21	4.81	10.77	4.94	10.57	5.71	3.57	0.01	0.01	
0.00	35.83	44.44	27.27	136.46	124.07	245.73	11.28	15.25	4.19	13.80	10.21	4.63	28.35	18.91	3.93	6.53	10.64	4.29	10.34	5.85	3.18	0.02	0.01	
0.00	33.94	26.98	17.36	141.72	133.11	155.92	11.66	11.42	4.47	13.78	9.49	4.29	28.55	11.49	4.23	6.62	10.02	3.69	10.15	5.89	2.80	0.02	0.01	
0.00	31.06	16.10	9.62	82.84	101.96	73.51	13.64	10.08	5.22	12.19	6.19	3.67	23.49	11.26	5.71	6.75	8.87	3.12	10.14	5.85	2.50	0.02	0.01	
0.00	23.78	15.68	12.64	73.44	86.43	68.56	12.34	10.34	5.50	12.02	6.88	3.43	18.18	11.48	5.72	5.70	7.77	2.50	10.28	5.66	2.23	0.02	0.01	
0.00	27.79	14.49	9.63	72.80	116.88	55.27	11.72	9.76	5.42	14.87	7.42	3.02	23.00	10.50	5.27	6.75	7.79	1.93	10.52	5.37	2.07	0.01	0.01	
0.00	24.28	13.10	8.18	55.35	108.17	49.90	10.98	9.88	5.24	13.05	7.32	2.63	19.67	11.63	5.51	5.57	6.74	1.55	11.04	5.02	2.09	0.02	0.01	
0.00	25.68	14.02	8.36	59.65	132.61	40.53	10.78	10.25	5.67	11.67	6.49	2.35	24.44	10.89	5.59	5.05	6.84	1.40	11.44	4.53	2.18	0.01	0.01	
0.00	25.07	14.30	8.46	45.64	129.06	35.87	10.71	10.97	5.59	11.31	7.19	2.07	22.98	9.73	6.88	4.56	7.00	1.62	11.75	4.03	2.28	0.02	0.02	
0.00	22.63	12.64	7.95	43.96	119.81	40.75	10.27	9.51	5.29	10.09	6.86	2.17	24.76	11.47	6.78	4.80	6.22	1.94	11.79	3.43	2.25	0.02	0.02	
0.00	18.91	14.41	6.91	30.14	107.15	33.72	11.62	8.68	4.98	9.25	7.07	2.32	18.81	10.21	5.95	5.39	5.82	2.33	11.66	2.81	2.26	0.01	0.02	
0.00	21.46	17.55	8.69	35.28	113.06	42.88	11.04	10.14	5.11	10.70	7.14	2.23	22.50	13.78	8.55	4.71	7.06	2.65	11.36	2.19	2.22	0.01	0.02	
0.00	24.44	27.03	11.32	38.10	95.51	62.26	9.24	11.17	5.09	11.35	7.34	2.34	22.92	23.06	12.86	4.48	6.94	2.84	10.73	1.58	2.02	0.01	0.02	
0.00	30.69	35.11	14.22	45.34	73.72	70.29	8.18	11.35	4.44	11.26	5.90	2.44	26.37	27.77	15.90	4.40	6.21	2.85	10.31	1.00	1.76	0.01	0.02	
0.00	34.64	42.79	16.73	56.52	91.05	69.61	7.66	12.63	4.30	11.89	5.28	2.49	31.77	31.38	20.27	4.55	6.73	2.71	10.04	0.46	1.69	0.01	0.02	
0.00	38.50	50.33	16.67	62.66	94.62	84.82	8.10	10.75	4.09	10.70	5.89	2.60	34.78	39.96	21.18	4.16	6.29	2.42	9.71	0.35	1.72	0.02	0.02	
0.00	36.32	46.22	18.70	59.80	110.24	82.89	7.07	13.41	4.20	10.47	5.94	2.49	33.85	33.86	20.74	2.99	6.32	2.10	9.47	0.73	1.68	0.02	0.01	
0.00	41.75	50.07	19.83	64.48	125.11	85.49	7.98	11.95	2.21	9.19	6.08	2.65	37.85	37.92	23.26	3.17	6.10	1.05	9.41	0.43	1.79	0.02	0.02	
0.00	25.23	27.34	11.88	50.29	117.31	62.02	6.95	8.62	1.01	9.79	4.50	2.51	25.55	21.51	12.58	2.43	6.08	0.50	9.16	0.26	1.81	0.02	0.02	
0.00	27.43	28.87	11.04	51.89	106.16	54.55	7.11	9.19	1.17	11.35	5.20	2.53	24.96	20.36	10.81	2.91	6.35	0.69	8.96	0.25	1.72	0.03	0.01	
0.00	22.64	16.62	8.39	40.45	100.25	46.00	7.49	8.65	1.08	10.00	5.16	2.44	20.36	12.24	7.60	3.04	5.36	0.94	8.47	0.34	1.46	0.04	0.01	
0.00	23.88	18.56	7.80	59.88	124.22	51.75	12.99	10.29	2.20	8.05	5.96	1.92	23.02	14.22	7.75	4.52	4.47	1.34	7.76	0.54	1.41	0.04	0.02	
0.00	25.09	17.69	10.86	60.56	122.16	66.39	21.65	11.49	3.05	11.31	5.49	1.79	20.89	10.70	7.14	7.54	5.11	2.32	7.10	1.15	1.34	0.03	0.02	
0.00	32.60	16.89	11.90	56.10	138.86	66.20	22.25	10.93	2.85	8.78	5.73	1.73	23.15	10.69	6.52	8.41	4.48	3.35	6.11	1.36	1.32	0.07	0.02	
0.00	28.30	16.81	13.88	63.92	135.55	78.85	22.94	11.98	2.92	9.08	5.30	1.42	23.88	9.81	8.34	12.29	3.72	5.33	4.91	1.54	1.16	0.19	0.02	
0.00	36.49	20.61	12.84	69.44	191.20	83.01	29.96	14.10	2.83	9.62	7.52	1.36	30.17	9.78	8.81	16.21	3.94	5.32	3.17	1.59	0.82	0.23	0.03	
0.00	44.49	30.40	20.58	114.07	242.07	132.49	36.16	17.12	3.37	17.84	12.93	2.66	30.42	11.82	8.92	17.05	8.35	7.48	1.52	1.74	0.55	0.22	0.04	
0.00	50.19	32.48	16.75	63.33	192.70	114.75	26.00	20.55	4.32	16.56	13.03	2.66	28.86	15.47	11.25	15.70	9.42	11.80	0.76	2.07	0.40	0.22	0.04	
0.00	74.87	108.03	69.17	231.77	245.07	660.81	27.07	39.24	6.10	17.02	22.06	3.40	30.21	42.72	12.07	22.26	6.32	12.03	0.67	2.20	0.19	0.17	0.04	
0.00	76.57	104.38	77.27	269.18	216.78	730.60	31.48	41.28	6.72	18.65	17.64	2.42	35.43	44.50	11.71	20.43	7.74	10.27	0.73	2.47	0.20	0.06	0.04	
0.00	71.80	58.47	46.78	209.80	181.37	445.03	37.71	20.56	7.27	16.16	13.15	2.52	39.39	31.41	12.83	12.95	6.97	10.22	0.80	3.09	0.20	0.04	0.05	
0.00	66.33	97.32	65.32	247.13	184.47	617.04	32.45	34.90	8.05	14.28	15.09	2.21	38.48	45.52	13.23	13.42	9.25	10.87	0.85	3.69	0.19	0.03	0.05	
0.00	90.75	57.06	53.33	222.94	153.45	509.67	23.17	20.81	7.39	13.73	10.97	1.61	68.75	26.66	12.56	18.69	6.05	11.46	0.60	3.81	0.26	0.02	0.03	
0.00	82.90	53.32	38.26	208.29	159.18	353.10	16.85	22.36	5.93	11.03	8.78	1.34	73.86	27.40	11.19	16.23	6.20	12.26	0.53	4.14	0.18	0.02	0.03	
0.00	78.06	120.14	79.84	268.62	192.84	770.99	15.36	43.12	6.61	9.49	18.91	2.11	65.53	49.96	13.71	12.09	5.13	13.06	0.46	4.44	0.16	0.01	0.03	
0.00	120.37	174.52	126.55	382.62	268.93	1272.49	29.53	61.25	8.48	16.62	24.94	2.22	59.86	71.09	13.77	12.62	9.46	13.85	0.70	4.66	0.30	0.01	0.04	
0.00	96.62	220.28	154.29	425.98	330.73	1524.96	24.96	77.89	7.14	13.02	34.56	3.66	47.26	87.73	17.41	12.03	5.58	14.49	0.53	4.77	0.26	0.01	0.02	
0.00	142.41	232.90	171.42	509.25	359.11	1759.46	31.72	80.14	9.86	22.74	34.13	3.47	53.13	93.11	16.06	11.60	6.54	14.71	0.66	4.76	0.41	0.01	0.02	
0.00	118.47	247.99	181.96	531.94	361.12	1835.47	26.91	88.89	8.47	18.33	37.89	4.16	38.23	100.22	16.93	12.64	5.48	14.74	0.61	4.90	0.38	0.01	0.02	
0.00	139.07	292.86	204.39	541.98	477.91	2067.90	29.34	101.30	8.75	19.83	43.71	4.03	43.72	120.80	17.23	13.11	7.22	14.40	0.64	5.03	0.37	0.01	0.03	
0.00	175.93	347.74	250.86	677.28	601.13	2610.35	37.53	120.29	11.87	26.61	49.96	4.35	44.42	143.37	20.85	14.32	8.49	13.86	0.85	5.07	0.46	0.01	0.03	
0.00	172.60	357.46	248.33	645.21	611.73	2589.38	34.91	122.73	11.17	23.83	52.86	4.81	50.85	145.14	16.22	14.12	7.99	13.27	0.73	5.14	0.43	0.01	0.03	
0.00	163.64	264.06	202.79	530.77	494.25	2155.12	35.92	91.77	11.31	25.33	38.18	4.35	53.47	104.49	17.05	13.79	10.30	12.67	0.69	5.35	0.46	0.01	0.02	
0.00	121.70	228.33	163.91	408.19	409.25	1733.97	27.43	78.91	8.92	17.69	33.55	3.76	45.80	93.14	14.61	14.14	8.01	12.15	0.61	5.25	0.30	0.01	0.03	
0.00	136.63	223.00	170.74	423.46	424.23	1796.52	31.36	78.91	8.77	20.14	32.12	3.81	52.27	86.98	18.76	13.12	10.36	11.64	0.70	5.37	0.39	0.01	0.04	
0.00	99.16	187.63	134.05	311.13	365.81	1399.73	23.44	63.91	7.36	14.23	27.16	3.33	37.47	74.97	12.50	13.42	7.03	11.09	0.51	5.23	0.28	0.01	0.03	
0.00	67.54	140.77	94.10	232.44	292.89	959.24	17.81	46.22	6.89	12.61	22.78	3.99	34.44	56.77	10.23	12.59	5.83	10.61	0.43	4.90	0.21	0.01	0.02	
0.00	85.81	126.69	96.47	247.45	283.59	1025.52	23.46	44.14	7.24	15.24	18.61	3.92	29.80	49.44	9.40	12.56	5.53	9.97	0.43	4.66	0.24	0.01	0.02	
0.00	72.83	86.45	63.68	178.80	248.91	687.24	18.07	30.01	6.32	17.96	15.80	5.34	26.94	33.20	8.49	12.46	6.99	9.38	0.41	4.38	0.22	0.01	0.02	
0.00	44.17	26.45	19.71	82.53	115.30	177.92	12.71	9.38	5.75	21.19	15.28	6.58	22.34	11.06	8.07	12.79	7.70	8.68	0.27	4.05	0.21	0.01	0.02	
0.00	32.03	23.06	14.76	101.92	123.15	98.01	11.88	8.90	5.77	18.17	13.00	6.13	21.29	10.49	7.59	12.06	7.02	7.99	0.27	3.73	0.18	0.01	0.02	
0.00	27.58	17.94	12.64	84.37	105.13	74.02	11.48	6.52	5.77	11.53	8.61	3.79	20.29	10.01	7.72	11.25	4.62	7.42	0.24	3.44	0.14	0.01	0.01	
0.00	29.81	17.33	12.43	93.86	126.75	77.10	10.14	6.41	5.34	10.63	8.29	3.29	26.20	11.35	6.56	11.85	3.93	6.99	0.26	3.18	0.14	0.01	0.01	
0.00	36.58	16.88	13.28	99.23	130.06	86.12	11.29	6.78	5.02	9.16	6.43	2.58	33.42	12.75	7.69	10.81	3.58	6.83	0.29	2.95	0.13	0.01	0.01	
0.00	32.63	16.76	13.43	86.38	132.84	78.86	10.75	5.98	4.72	7.84	4.56	1.90	31.06	13.08	8.05	8.99	3.08	6.83	0.25	2.71	0.12	0.01	0.01	
0.00	22.79	13.76	11.02	53.26	104.08	53.55	8.24	6.79	4.30	4.67	3.16	1.31	20.32	12.41	6.68	7.95	2.56	7.06	0.23	2.47	0.12	0.01	0.01	
0.00	21.16	15.39	8.76	41.58	99.38	41.80	8.23	5.61	3.70	4.38	3.73	1.28	20.36	13.82	7.19	7.33	2.14	7.76	0.22	2.28	0.14	0.01	0.01	
0.00	23.74	15.25	8.17	52.45	102.15	40.12	7.69	6.13	3.11	5.80	4.66	1.33	24.42	11.87	6.89	6.78	3.31	8.58	0.26	2.17	0.16	0.01	0.02	
0.00	22.00	15.75	7.76	41.12	91.42	39.11	9.25	7.57	2.47	9.04	5.89	1.52	20.83	13.45	6.05	7.07	5.75	9.52	0.32	2.11	0.18	0.01	0.02	
0.00	16.99	13.73	6.50	36.91	89.17	31.75	7.84	5.86	1.96	8.20	5.43	1.35	18.17	11.83	4.57	5.66	4.98	10.42	0.25	2.18	0.16	0.01	0.01	
0.00	16.96	14.87	5.78	30.59	77.78	38.03	7.37	6.15	1.70	6.62	4.76	1.40	14.60	14.06	4.13	5.58	3.82	11.26	0.26	2.42	0.15	0.02	0.01	
0.00	21.31	23.75	6.58	47.47	116.92	49.08	7.57	6.94	1.81	5.64	5.73	1.50	22.64	21.66	5.71	5.45	2.93	11.92	0.33	2.56	0.18	0.02	0.02	
0.00	26.83	34.28	10.03	57.97	132.37	73.35	8.91	8.46	2.06	6.94	5.83	1.39	27.11	30.79	7.45	5.83	3.83	12.22	0.36	2.71	0.20	0.02	0.02	
0.00	25.06	36.82	12.99	62.82	118.49	100.31	8.73	7.18	2.07	6.68	5.95	1.17	21.06	35.31	7.79	5.95	3.77	12.33	0.40	2.77	0.19	0.01	0.01	
0.00	19.57	27.82	12.40	45.28	85.76	98.76	7.67	6.87	2.09	5.43	6.56	1.15	16.53	25.27	6.39	5.29	3.12	12.16	0.51	2.76	0.21	0.01	0.02	
0.00	22.48	39.19	14.59	61.02	91.97	140.88	8.65	7.40	2.18	5.15	8.63	1.28	17.20	30.80	7.87	5.82	2.47	11.95	0.58	2.69	0.23	0.01	0.02	
0.00	79.30	132.06	109.00	280.78	326.54	1023.10	26.51	35.94	5.06	13.90	28.38	3.69	27.61	64.18	12.16	6.99	3.36	11.82	0.64	2.81	0.45	0.02	0.03	
0.00	103.65	199.91	157.67	351.63	442.97	1448.67	33.71	61.13	6.49	14.76	39.84	5.16	30.00	83.81	12.41	6.98	3.23	11.31	0.49	2.74	0.69	0.02	0.03	
0.00	82.47	149.00	110.71	257.87	303.56	1039.86	23.56	46.70	5.36	11.81	30.09	3.91	24.68	60.76	7.71	6.27	2.76	11.16	0.33	2.74	0.55	0.01	0.02	
0.00	56.84	120.54	87.18	183.74	231.25	800.54	17.80	36.74	4.73	8.64	24.46	3.14	19.18	50.76	5.96	5.85	2.61	10.72	0.32	2.68	0.46	0.01	0.02	
0.00	99.82	187.13	134.39	313.27	374.64	1258.41	30.28	54.99	5.97	13.11	39.89	5.03	31.96	76.09	10.57	6.27	3.21	9.88	0.58	2.56	0.50	0.02	0.03	
0.00	171.92	331.26	266.39	578.93	690.40	2439.43	58.72	100.63	10.81	26.31	66.21	8.99	41.58	131.12	14.01	8.35	5.07	9.14	1.21	2.34	1.16	0.03	0.05	
