gaitPhase	pelvis_tilt_moment	pelvis_list_moment	pelvis_rotation_moment	pelvis_tx_force	pelvis_ty_force	pelvis_tz_force	hip_flexion_r_moment	hip_adduction_r_moment	hip_rotation_r_moment	hip_flexion_l_moment	hip_adduction_l_moment	hip_rotation_l_moment	lumbar_extension_moment	lumbar_bending_moment	lumbar_rotation_moment	knee_angle_r_moment	knee_angle_l_moment	ankle_angle_r_moment	ankle_angle_l_moment	subtalar_angle_r_moment	subtalar_angle_l_moment	mtp_angle_r_moment	mtp_angle_l_moment	
0.00	30.56	15.69	16.67	142.10	124.00	46.72	7.72	12.16	7.80	9.76	4.90	4.30	30.18	18.91	5.49	5.77	5.25	6.25	5.22	3.63	3.28	0.01	0.01	
0.00	21.57	13.65	16.27	95.96	131.79	21.85	7.92	13.42	8.56	15.83	8.61	4.95	23.78	22.07	5.55	4.56	7.96	6.70	5.01	3.97	3.10	0.01	0.01	
0.00	13.38	4.82	13.76	124.97	150.53	64.96	9.66	11.38	8.10	11.17	8.53	8.25	20.99	17.88	3.96	3.75	10.84	7.43	6.30	3.82	4.20	0.01	0.00	
0.00	16.07	8.52	20.01	103.33	109.07	59.07	6.35	8.74	6.68	12.13	11.75	11.80	21.99	20.62	3.57	4.27	17.73	9.01	9.43	3.35	5.97	0.02	0.00	
0.00	23.59	12.57	11.16	66.53	103.88	34.48	15.70	7.06	3.93	15.23	10.10	13.25	16.95	22.21	4.43	3.49	25.77	11.37	14.21	2.25	7.24	0.02	0.00	
0.00	38.44	26.18	14.18	55.78	160.13	75.67	16.45	7.05	2.64	15.09	12.21	14.77	24.82	29.43	5.12	3.39	36.12	12.62	20.37	2.42	8.70	0.02	0.00	
0.00	19.33	15.50	12.01	68.19	93.17	35.31	18.39	4.51	1.93	20.64	8.38	16.93	32.90	32.28	5.13	4.57	44.00	11.39	26.50	2.60	11.07	0.03	0.00	
0.00	21.85	22.47	17.56	58.91	103.07	33.24	12.90	5.65	1.69	18.28	9.01	15.95	29.41	30.70	4.92	3.94	45.91	8.25	29.12	2.71	12.33	0.03	0.00	
0.00	20.54	14.98	15.12	99.81	125.90	24.43	13.01	6.39	1.90	21.73	8.71	12.52	36.65	27.18	6.14	4.05	38.88	5.72	25.99	2.24	11.59	0.03	0.00	
0.00	33.55	18.36	14.63	60.43	171.26	41.30	11.42	5.60	2.19	21.96	9.92	11.27	27.41	28.43	6.41	5.20	37.70	3.09	20.95	2.40	10.54	0.02	0.01	
0.00	43.88	14.91	19.25	75.51	157.88	61.94	9.00	4.38	1.32	17.31	9.65	18.43	48.59	29.28	8.26	4.72	48.71	0.78	30.16	0.10	12.94	0.03	0.01	
0.00	42.01	17.33	23.09	114.10	140.58	35.09	6.95	5.25	0.88	19.61	13.28	22.06	33.14	37.27	4.86	4.25	61.48	0.41	45.18	0.14	14.08	0.02	0.03	
0.00	26.01	20.29	25.13	134.01	131.50	33.86	9.16	5.76	1.69	20.21	14.12	24.49	39.46	41.38	16.92	3.90	58.99	0.30	52.50	0.28	14.74	0.01	0.02	
0.00	68.44	21.61	36.20	127.13	130.29	71.57	11.45	3.58	1.30	13.12	11.39	25.34	77.33	45.07	24.00	5.06	51.35	0.27	60.27	0.12	16.89	0.01	0.03	
0.00	21.24	17.03	23.40	58.96	128.10	34.10	13.91	4.28	1.75	14.83	9.82	19.70	22.58	39.31	9.06	5.53	39.53	0.75	62.25	0.17	14.59	0.03	0.03	
0.00	31.98	21.29	16.63	97.01	175.88	66.07	33.95	6.02	3.83	15.52	8.47	15.35	25.81	34.37	8.86	8.35	26.93	1.80	54.65	1.15	11.34	0.04	0.04	
0.00	42.43	19.94	14.39	121.65	80.57	68.14	43.23	32.32	7.05	10.43	9.13	10.95	23.91	23.45	9.19	37.54	16.33	8.06	42.04	1.01	8.88	0.08	0.03	
0.00	64.75	25.90	18.95	136.10	139.97	67.62	50.65	10.76	14.51	16.67	10.58	3.25	27.69	15.05	17.75	29.02	14.54	13.97	28.76	1.65	3.35	0.04	0.03	
0.00	82.91	44.51	34.16	170.20	126.71	122.98	67.72	20.32	20.80	20.72	17.09	8.79	65.84	25.69	24.74	51.47	14.60	20.53	13.41	1.88	1.78	0.17	0.03	
0.00	50.06	45.53	27.38	106.77	183.24	80.30	56.79	36.11	22.35	15.39	6.66	4.01	58.33	9.03	25.33	47.49	12.41	27.98	2.46	2.46	1.43	0.14	0.04	
0.00	91.09	32.82	27.16	188.18	242.46	93.47	77.26	24.51	26.88	16.34	10.79	3.81	59.80	35.13	15.74	57.69	11.27	34.16	0.76	6.69	0.31	0.12	0.03	
0.00	168.59	73.14	29.94	1044.97	1038.86	128.19	74.42	26.92	26.66	20.04	11.63	4.78	141.91	42.17	22.57	71.58	10.36	39.59	0.68	7.45	0.30	0.18	0.03	
0.00	80.07	82.00	20.90	647.21	577.53	97.01	35.76	15.35	21.11	20.30	39.26	17.62	68.04	21.55	19.90	63.65	9.66	39.12	0.80	5.42	0.81	0.16	0.03	
0.00	229.54	62.37	70.46	2119.19	1425.07	222.24	85.35	16.74	13.77	36.88	18.74	8.56	162.04	114.54	20.62	50.18	21.50	33.56	1.17	3.51	0.36	0.07	0.05	
0.00	86.70	71.32	49.47	853.71	739.39	221.70	17.17	22.08	11.39	34.85	13.22	6.30	77.92	64.65	30.40	36.75	11.06	24.64	1.50	3.99	0.43	0.03	0.06	
0.00	62.36	38.47	25.89	492.53	536.40	75.62	24.95	16.48	5.45	19.55	21.46	10.25	45.29	28.74	11.59	9.95	7.04	19.13	0.71	3.88	0.58	0.01	0.04	
0.00	151.24	97.22	37.02	859.79	682.69	170.58	28.02	17.33	6.28	35.99	82.20	32.11	81.74	67.78	15.39	11.19	9.51	16.26	0.88	3.82	1.15	0.01	0.02	
0.00	49.48	44.47	34.41	1073.93	929.61	75.64	39.43	8.53	3.96	13.14	11.16	4.64	84.80	37.58	15.84	8.83	6.46	14.96	2.05	4.63	0.37	0.01	0.09	
0.00	53.04	30.20	11.99	216.57	170.64	50.08	8.87	7.56	3.72	7.73	3.95	2.39	44.41	31.89	6.99	10.60	10.07	12.94	1.05	5.28	0.91	0.00	0.07	
0.00	84.34	33.99	35.11	162.37	200.51	50.37	8.37	5.54	2.56	33.09	12.83	9.40	56.11	35.78	15.94	11.13	15.36	11.54	2.20	5.28	1.34	0.01	0.13	
0.00	118.71	45.60	36.92	1213.97	847.82	187.36	32.26	20.43	4.59	12.18	6.54	3.86	45.25	28.16	11.36	11.54	3.76	11.98	0.87	5.06	0.44	0.01	0.04	
0.00	73.04	64.65	56.81	313.29	231.63	324.69	15.12	5.36	2.93	11.22	41.62	8.67	62.62	14.61	15.21	12.83	167.19	13.65	21.42	4.88	8.45	0.00	1.54	
0.00	21.35	20.43	8.64	190.76	189.77	14.64	10.18	4.04	3.73	5.93	5.90	1.87	29.29	14.06	10.09	12.64	6.70	15.33	0.77	5.39	0.35	0.01	0.05	
0.00	137.69	55.59	36.89	1267.43	888.43	299.75	33.23	24.43	6.81	27.35	25.97	9.51	63.63	34.55	6.01	13.29	6.40	16.88	0.79	5.80	0.64	0.01	0.02	
0.00	59.00	17.41	16.02	256.71	207.66	93.54	9.42	5.20	3.88	12.47	15.51	5.99	33.78	16.62	8.53	14.17	2.54	17.81	0.40	5.63	0.45	0.01	0.02	
0.00	47.59	24.26	16.78	72.12	151.74	33.07	6.58	3.68	4.25	8.42	5.58	2.75	42.81	15.99	7.82	14.52	3.27	17.85	0.64	5.49	0.26	0.01	0.03	
0.00	32.83	16.34	20.60	92.22	151.46	63.55	5.88	3.95	4.23	16.18	1.91	1.57	27.41	16.50	6.33	13.64	3.35	17.90	0.83	5.50	0.25	0.01	0.04	
0.00	63.85	20.37	26.67	95.20	241.10	90.03	6.39	5.46	4.40	29.98	17.91	7.60	39.29	11.34	9.17	11.91	6.04	17.91	0.71	5.59	0.35	0.00	0.04	
0.00	14.87	5.37	5.87	43.79	89.01	40.31	5.66	3.86	4.37	2.75	3.91	1.80	19.33	8.41	4.43	11.02	2.38	18.02	0.11	5.74	0.15	0.00	0.01	
0.00	13.27	6.38	10.81	18.01	160.82	44.40	6.45	4.03	3.98	6.77	2.31	1.05	16.88	8.83	3.40	11.13	3.27	18.37	0.35	5.89	0.12	0.00	0.02	
0.00	15.09	9.73	6.37	53.62	118.78	29.99	5.73	5.14	4.07	6.06	3.61	1.50	25.76	10.70	5.78	10.09	3.68	18.71	0.35	6.24	0.18	0.00	0.02	
0.00	13.55	6.17	3.85	24.91	105.02	21.24	6.27	4.57	3.68	3.96	3.53	2.15	20.71	9.84	3.10	9.64	2.60	19.07	0.17	6.46	0.20	0.00	0.01	
0.00	19.53	12.37	13.86	35.35	123.34	73.39	5.26	4.42	3.31	12.73	1.91	3.52	21.48	13.69	3.13	9.19	8.56	19.76	1.62	6.17	0.69	0.00	0.10	
0.00	7.00	10.32	10.81	21.16	96.58	62.49	6.15	4.34	3.24	4.01	1.23	0.97	17.94	13.92	4.91	8.99	3.05	20.42	0.42	6.17	0.20	0.00	0.03	
0.00	18.64	12.46	10.43	46.79	119.32	44.29	9.42	4.07	2.58	9.16	7.96	3.10	17.94	12.46	5.78	9.36	2.62	20.83	0.14	6.57	0.12	0.00	0.01	
0.00	34.56	13.84	13.12	30.43	183.28	47.32	11.68	4.16	1.49	17.51	7.30	2.40	24.83	14.82	7.76	9.84	3.91	21.13	0.33	6.80	0.16	0.00	0.01	
0.00	21.35	9.89	10.98	35.21	120.52	47.21	10.73	1.94	2.01	4.84	4.22	1.25	27.17	11.61	9.84	10.01	1.13	21.72	0.15	6.51	0.07	0.00	0.00	
0.00	46.08	11.73	12.14	68.46	101.81	36.19	11.20	3.00	2.44	4.85	3.24	2.18	52.17	7.06	5.69	9.21	1.78	22.02	0.18	6.64	0.20	0.00	0.01	
0.00	48.52	9.45	13.95	62.85	115.63	33.93	12.66	3.98	2.49	5.16	1.84	1.30	55.93	13.26	3.83	9.45	2.12	23.03	0.25	6.62	0.08	0.00	0.01	
0.00	73.05	24.80	33.65	94.91	166.47	84.71	15.32	5.35	2.59	22.53	18.19	7.82	56.06	14.38	7.31	10.46	4.64	23.91	0.23	6.69	0.29	0.00	0.02	
0.00	37.99	14.26	17.05	158.89	153.04	84.53	17.57	5.26	4.20	6.22	3.90	2.04	31.73	11.68	4.57	12.68	2.73	24.50	0.30	6.54	0.14	0.00	0.01	
0.00	71.65	26.91	15.12	666.64	533.92	221.64	36.19	7.84	10.90	28.90	13.30	3.64	76.40	23.80	4.01	12.35	9.88	24.84	0.91	6.24	0.13	0.01	0.02	
0.00	223.88	108.70	56.16	1856.71	1232.16	522.18	37.51	40.92	8.65	16.55	16.47	2.03	90.51	24.66	7.92	17.82	6.91	24.90	0.84	6.83	0.22	0.01	0.02	
0.00	60.77	35.21	23.91	1368.71	934.85	293.82	50.30	11.36	9.35	37.23	18.63	5.13	74.01	47.20	12.30	23.05	10.94	24.99	0.80	6.34	0.23	0.00	0.02	
0.00	74.65	32.58	24.78	202.63	121.67	38.40	21.68	7.75	9.82	14.70	12.15	5.39	58.52	15.43	10.37	26.40	4.00	25.34	1.01	6.14	0.38	0.01	0.04	
0.00	57.08	124.70	38.72	162.63	170.08	169.73	26.32	11.89	12.61	20.06	111.05	61.06	40.13	18.25	6.26	32.04	14.81	26.29	1.62	5.12	3.11	0.00	0.02	
0.00	128.25	47.97	25.27	319.37	264.54	110.21	24.58	28.06	14.43	26.33	12.89	2.50	76.46	14.11	7.68	38.17	7.90	27.46	0.79	4.81	1.22	0.00	0.03	
0.00	51.35	68.47	24.37	138.87	113.93	66.59	30.47	7.55	16.10	24.81	43.24	22.54	50.59	16.46	20.29	39.28	9.89	27.43	0.61	5.22	1.00	0.00	0.03	
0.00	62.99	70.06	27.77	363.54	288.83	90.39	28.53	18.84	19.07	13.83	6.88	4.91	57.94	32.97	27.45	39.07	4.87	26.37	0.65	5.51	0.27	0.01	0.03	
0.00	131.19	64.05	36.13	865.45	647.08	433.40	43.67	33.56	19.15	14.26	14.27	2.97	43.43	22.70	4.87	37.58	7.73	24.75	2.01	5.54	0.27	0.00	0.03	
0.00	103.81	17.78	19.56	501.37	411.29	107.51	41.91	19.11	15.77	26.81	7.72	2.39	107.50	12.28	7.15	35.31	10.64	22.14	9.52	5.95	0.89	0.01	0.02	
0.00	57.52	17.51	16.19	81.76	140.23	68.45	31.77	15.11	15.23	9.12	6.49	1.87	65.79	22.05	15.00	28.08	5.83	19.49	19.17	5.10	1.49	0.01	0.03	
0.00	41.93	10.56	21.65	125.20	71.45	45.59	29.17	15.17	12.98	18.27	9.46	5.56	49.53	18.55	20.52	22.77	8.67	16.93	29.42	4.47	2.87	0.01	0.05	
0.00	23.75	12.27	23.59	100.09	169.28	59.69	23.21	18.64	11.87	28.95	13.79	6.45	43.24	20.59	12.00	18.98	20.56	14.61	37.46	4.40	3.77	0.01	0.03	
0.00	42.35	10.24	17.61	95.30	161.50	35.50	21.72	15.84	9.94	13.58	12.33	8.05	42.16	32.39	13.32	14.14	18.02	12.22	44.21	4.11	4.98	0.01	0.01	
0.00	63.43	19.67	30.50	93.22	71.93	47.71	19.32	14.52	8.61	9.19	12.63	7.83	54.77	37.35	28.46	10.56	19.51	10.31	50.00	3.95	6.31	0.01	0.06	
0.00	51.37	15.91	9.90	139.82	142.55	15.02	23.46	18.04	7.54	10.72	16.29	4.47	57.19	29.11	9.02	9.50	23.46	9.40	54.27	3.65	7.07	0.01	0.02	
0.00	39.31	17.65	17.12	82.42	138.29	48.36	21.71	14.88	7.38	13.91	17.31	4.42	25.29	32.66	12.24	8.43	24.02	8.57	56.15	3.60	8.30	0.02	0.02	
0.00	38.64	17.93	19.07	100.61	36.54	49.31	22.34	14.75	6.26	19.56	20.69	6.37	40.72	37.95	12.26	9.34	25.94	7.91	52.40	3.38	9.12	0.01	0.01	
0.00	45.54	15.31	12.24	90.31	84.43	57.53	21.19	18.50	5.90	11.79	19.37	6.01	46.99	35.06	9.65	11.43	22.87	7.46	46.08	3.68	9.21	0.02	0.07	
0.00	37.59	19.25	16.70	60.52	85.83	51.55	22.56	15.16	7.05	13.09	16.19	5.49	30.45	39.98	3.68	12.22	25.98	7.38	37.27	4.54	8.02	0.01	0.02	
0.00	13.60	16.64	14.17	77.81	88.84	40.27	23.15	12.42	8.30	15.62	16.56	3.71	15.42	27.39	11.05	10.33	25.47	7.76	28.70	4.79	6.03	0.01	0.01	
0.00	35.19	17.60	13.46	71.98	74.42	66.03	25.15	17.36	7.82	11.91	19.85	3.06	30.13	18.94	10.44	8.82	20.04	7.32	21.83	3.64	5.14	0.03	0.01	
0.00	48.60	19.84	12.84	105.37	129.74	49.51	21.06	7.20	6.36	14.72	17.59	4.05	33.56	30.32	5.74	8.38	16.41	6.00	14.62	3.08	4.44	0.02	0.01	
0.00	34.71	17.15	18.66	63.38	115.85	35.90	17.34	6.57	4.35	11.49	14.31	5.03	34.31	25.83	10.77	6.68	12.43	4.08	9.64	1.94	3.03	0.01	0.01	
0.00	29.63	12.77	8.85	83.99	73.26	23.38	16.17	6.44	2.36	12.69	8.89	4.92	40.86	15.62	7.34	6.46	10.68	1.78	10.61	0.72	2.13	0.01	0.00	
0.00	40.44	5.47	6.21	60.01	127.20	23.90	13.27	8.86	1.17	11.02	7.91	4.78	53.02	13.91	4.04	5.50	11.43	0.36	12.99	1.92	2.83	0.01	0.01	
0.00	22.53	14.60	11.04	95.42	55.28	25.11	11.45	9.12	1.37	9.67	6.16	5.69	19.10	18.51	8.07	4.77	12.91	0.47	14.41	1.80	3.16	0.02	0.01	
0.00	15.39	9.24	11.09	62.15	122.92	51.01	10.39	4.18	1.18	9.18	7.10	6.22	26.56	16.47	3.99	5.46	13.50	0.58	14.87	0.66	2.90	0.02	0.00	
0.00	13.04	7.70	6.38	60.35	92.01	29.07	8.91	5.80	0.99	8.10	8.52	6.72	25.81	9.50	4.47	4.35	12.71	0.39	14.91	0.22	3.10	0.01	0.00	
0.00	28.64	10.69	10.40	41.71	44.78	20.14	11.85	5.06	1.07	8.18	9.83	6.08	26.86	11.74	6.39	4.61	12.34	0.33	14.51	0.23	3.17	0.01	0.00	
0.00	39.50	16.20	10.18	85.92	138.64	35.43	13.12	4.60	0.96	6.27	11.30	4.61	44.22	16.31	11.57	5.01	11.21	0.52	13.92	0.30	2.50	0.02	0.01	
0.00	30.35	11.73	10.99	95.75	121.17	46.45	5.92	3.28	0.53	10.97	10.76	4.86	37.80	12.10	14.03	2.89	11.32	0.47	13.25	0.27	1.70	0.02	0.00	
0.00	21.49	13.78	6.31	85.62	109.66	23.11	14.29	6.69	0.74	8.65	8.75	4.92	28.87	9.48	2.58	5.84	12.02	3.07	12.93	2.55	1.80	0.01	0.00	
0.00	29.97	11.25	9.09	149.20	116.72	30.20	11.83	7.52	1.40	11.79	11.41	4.67	29.65	8.95	3.23	4.18	11.17	4.61	13.02	2.46	1.77	0.01	0.00	
0.00	18.83	21.60	11.28	196.46	120.23	31.60	13.00	8.00	0.99	11.88	12.59	3.43	32.26	18.73	16.56	4.35	10.52	5.90	12.85	2.74	1.44	0.01	0.01	
0.00	31.82	92.68	46.18	210.79	121.90	395.98	12.07	21.00	1.01	9.56	20.21	4.85	24.18	41.88	8.25	4.59	9.23	7.24	12.63	2.69	1.34	0.02	0.01	
0.00	81.36	48.87	59.11	213.99	69.95	446.25	23.15	10.74	2.96	12.37	17.91	4.90	48.41	22.16	6.57	7.97	8.77	7.63	12.43	2.77	1.84	0.03	0.01	
0.00	18.74	9.00	7.35	81.22	102.81	35.79	15.38	5.31	1.04	6.14	11.96	5.64	21.37	15.30	5.09	8.30	8.93	8.30	11.95	2.28	2.46	0.01	0.01	
0.00	56.21	44.00	45.34	154.25	85.72	349.93	23.05	11.33	2.87	11.63	22.44	6.13	22.80	18.87	6.43	8.99	9.02	8.44	11.42	2.71	3.00	0.02	0.01	
0.00	62.15	38.71	35.64	218.81	78.12	280.92	27.99	14.02	3.75	19.17	18.42	5.41	32.84	18.17	6.78	9.49	9.57	9.48	11.02	3.08	3.71	0.03	0.02	
0.00	16.56	15.95	19.09	115.03	122.08	113.89	8.67	6.78	3.37	8.71	14.34	6.42	28.47	21.10	3.50	6.34	6.24	8.70	10.49	1.94	3.95	0.02	0.01	
0.00	10.50	10.32	9.65	62.35	55.78	14.84	5.42	1.80	3.92	9.17	14.70	6.90	17.10	15.47	4.50	4.89	6.81	7.54	9.77	1.77	4.28	0.01	0.00	
0.00	55.22	41.86	48.62	191.68	76.98	411.08	10.29	7.32	4.92	15.26	21.09	8.25	34.44	15.72	3.30	4.97	7.94	7.84	9.33	2.21	4.89	0.01	0.01	
0.00	27.17	47.39	29.78	165.47	117.63	189.70	7.64	15.39	4.45	15.42	12.59	6.50	26.88	21.79	4.13	5.36	9.22	7.81	9.03	2.25	5.40	0.01	0.01	
0.00	31.25	26.49	9.62	138.77	98.20	113.52	8.06	4.55	3.18	15.12	25.51	9.56	24.23	14.97	5.53	5.57	9.34	7.71	9.36	1.84	5.95	0.01	0.01	
0.00	20.86	8.01	8.79	118.27	77.85	42.44	10.44	3.74	3.68	8.89	10.74	6.78	19.91	12.96	4.98	6.47	9.75	7.64	10.15	2.37	5.43	0.00	0.01	
0.00	19.12	4.35	7.29	88.28	73.35	22.98	4.42	3.49	3.14	3.93	9.33	4.90	23.97	8.91	4.99	7.55	9.40	7.90	10.69	2.26	3.70	0.00	0.01	
0.00	12.62	9.38	6.06	38.50	57.98	18.66	6.69	8.63	2.17	6.81	9.03	1.44	18.67	7.12	3.65	8.60	8.88	8.56	10.74	1.68	1.53	0.00	0.01	
0.00	25.06	12.19	9.31	87.66	112.34	24.07	8.39	10.52	4.09	6.78	9.34	2.84	33.29	11.74	4.91	8.07	7.39	9.33	10.69	2.14	3.35	0.01	0.01	
