gaitPhase	pelvis_tilt_moment	pelvis_list_moment	pelvis_rotation_moment	pelvis_tx_force	pelvis_ty_force	pelvis_tz_force	hip_flexion_r_moment	hip_adduction_r_moment	hip_rotation_r_moment	hip_flexion_l_moment	hip_adduction_l_moment	hip_rotation_l_moment	lumbar_extension_moment	lumbar_bending_moment	lumbar_rotation_moment	knee_angle_r_moment	knee_angle_l_moment	ankle_angle_r_moment	ankle_angle_l_moment	subtalar_angle_r_moment	subtalar_angle_l_moment	mtp_angle_r_moment	mtp_angle_l_moment	
0.00	27.33	22.94	11.88	58.04	120.07	54.94	8.59	11.14	1.08	8.69	4.70	2.88	26.41	13.65	10.91	5.43	5.61	0.88	10.01	0.51	1.79	0.03	0.01	
0.00	20.93	8.48	5.33	31.30	77.31	23.33	14.53	5.33	1.41	5.64	3.53	3.23	16.05	5.82	5.83	8.10	5.58	0.84	9.85	0.69	2.03	0.02	0.01	
0.00	14.33	8.15	6.28	36.69	84.83	19.22	5.80	3.39	0.88	3.61	3.73	3.13	16.48	5.92	5.98	2.57	4.95	0.71	9.46	0.58	2.03	0.02	0.01	
0.00	23.80	13.62	9.51	63.92	92.06	41.41	4.74	5.06	0.86	7.22	5.49	3.31	21.91	8.42	8.85	2.24	4.68	0.85	8.98	0.65	2.11	0.01	0.01	
0.00	31.62	14.62	11.30	74.63	94.49	42.44	6.00	4.56	1.12	9.79	4.85	3.40	27.37	9.97	8.70	2.71	5.71	1.04	8.85	0.81	2.09	0.02	0.01	
0.00	25.83	13.15	9.14	68.47	87.04	30.40	4.99	6.50	1.61	7.91	5.25	3.20	21.05	8.74	8.09	2.50	5.34	1.11	8.26	1.02	2.06	0.01	0.01	
0.00	20.44	18.58	12.63	82.70	105.38	38.72	6.01	7.77	1.62	4.84	5.48	2.52	22.90	9.76	12.15	2.16	5.67	1.43	7.81	1.12	1.91	0.02	0.01	
0.00	25.11	13.18	9.10	69.79	104.20	30.51	6.07	5.38	1.76	5.28	4.88	2.50	23.64	9.37	10.10	2.41	5.54	1.93	7.53	1.03	1.79	0.01	0.01	
0.00	25.17	8.12	8.34	55.98	89.58	33.44	5.66	5.20	1.80	6.71	6.01	1.79	22.94	6.49	8.13	2.49	5.69	2.19	7.19	1.12	1.66	0.01	0.01	
0.00	27.59	11.81	12.91	87.85	117.82	49.39	6.97	5.36	2.14	6.39	4.44	1.90	27.47	7.54	10.75	2.80	4.60	2.54	7.03	1.29	1.62	0.01	0.02	
0.00	30.06	11.57	12.75	62.87	105.73	38.44	6.36	9.58	2.07	5.80	7.27	1.71	30.19	8.27	11.39	2.96	4.95	2.93	7.01	1.39	1.55	0.01	0.02	
0.00	18.35	10.19	6.99	66.63	116.49	33.76	6.05	10.57	2.06	7.00	4.65	1.37	22.60	6.99	6.25	3.41	5.40	3.60	7.59	1.29	1.75	0.01	0.02	
0.00	20.44	13.63	10.03	59.07	96.15	36.35	5.09	9.61	1.83	2.60	3.83	1.01	20.29	8.71	7.93	3.14	4.13	4.50	7.71	1.17	1.77	0.00	0.01	
0.00	22.05	13.60	12.15	78.36	86.24	49.51	5.81	6.78	1.79	5.45	3.78	1.09	20.84	9.06	9.30	3.28	3.68	5.41	8.17	1.12	1.83	0.00	0.01	
0.00	20.19	11.07	6.82	48.50	100.88	41.50	5.82	5.45	1.66	3.47	4.00	1.11	19.35	7.34	7.28	3.23	3.06	6.34	8.60	1.21	1.82	0.00	0.01	
0.00	18.02	9.74	7.74	52.62	85.55	36.58	6.38	6.32	1.70	3.69	2.88	1.14	17.45	6.63	6.07	3.55	3.22	7.24	9.44	1.38	1.79	0.00	0.02	
0.00	20.16	7.73	10.33	65.48	76.43	33.62	5.28	7.89	1.97	3.13	2.42	0.98	21.78	7.36	8.47	3.59	2.17	8.05	9.67	1.56	1.55	0.00	0.01	
0.00	26.64	10.03	10.93	67.76	100.56	41.10	5.60	7.33	1.76	8.51	1.96	0.80	25.94	7.87	9.34	4.06	2.56	8.76	9.82	1.66	1.30	0.00	0.01	
0.00	20.86	11.60	8.78	83.65	100.81	22.77	4.86	7.56	2.07	8.22	2.63	1.09	18.56	9.19	7.21	3.94	2.08	9.43	9.59	1.74	1.07	0.00	0.01	
0.00	20.94	11.29	9.24	58.22	101.04	30.37	3.89	7.26	1.90	6.03	2.51	1.03	23.53	8.84	8.48	3.96	1.81	10.02	8.99	1.73	0.85	0.00	0.01	
0.00	24.71	9.97	9.87	87.44	111.60	34.69	6.20	6.76	2.17	7.57	2.51	1.10	22.90	9.77	8.95	4.49	2.08	10.50	7.87	1.72	0.68	0.00	0.01	
0.00	23.64	13.34	10.08	62.98	112.00	44.75	5.50	11.82	2.45	8.40	3.29	1.32	18.12	8.07	7.64	4.28	3.51	10.84	6.50	1.93	0.51	0.00	0.01	
0.00	16.92	10.34	8.30	48.87	102.64	36.35	5.14	6.81	2.76	5.91	3.55	1.36	14.62	7.27	4.00	4.70	2.37	11.04	4.77	2.06	0.35	0.00	0.02	
0.00	16.82	8.30	9.81	55.12	100.19	32.43	5.44	6.12	2.64	6.84	2.66	1.08	16.90	7.35	7.68	4.92	2.49	11.04	3.02	2.15	0.23	0.00	0.02	
0.00	23.95	13.40	9.10	80.55	97.84	34.58	6.75	5.69	2.86	7.86	3.42	1.40	19.08	9.19	7.47	4.69	2.46	10.96	1.67	2.23	0.17	0.01	0.02	
0.00	25.03	8.45	6.74	79.87	105.95	33.11	5.91	4.70	2.62	7.38	3.14	1.18	17.01	6.48	5.18	5.47	2.08	10.66	0.79	2.25	0.09	0.00	0.02	
0.00	20.88	7.15	7.06	81.55	94.63	32.71	6.87	4.29	2.31	6.00	2.53	1.07	16.04	4.78	3.87	5.02	2.15	10.38	0.45	2.30	0.08	0.00	0.02	
0.00	19.85	9.59	9.08	84.39	102.99	43.83	6.37	5.60	2.37	7.47	2.49	1.04	20.58	7.30	5.96	5.66	1.70	9.91	0.42	2.44	0.09	0.01	0.02	
0.00	15.52	5.82	6.05	75.13	80.06	27.90	6.15	5.76	2.37	4.93	2.30	0.91	15.00	5.38	3.52	5.76	1.36	9.51	0.33	2.48	0.11	0.01	0.02	
0.00	14.05	6.88	5.71	77.05	101.49	22.99	6.55	4.51	2.14	5.76	3.16	1.40	17.64	5.16	3.85	6.04	1.68	9.24	0.18	2.45	0.11	0.01	0.01	
0.00	17.41	11.15	7.16	84.64	109.41	36.67	5.67	5.97	2.07	5.49	2.98	1.47	21.01	6.69	4.44	6.77	1.74	9.04	0.20	2.44	0.11	0.01	0.01	
0.00	17.81	12.14	10.62	94.53	121.54	32.77	5.87	3.14	1.96	4.67	3.41	1.49	22.83	7.16	9.28	6.58	1.47	9.06	0.20	2.47	0.08	0.01	0.01	
0.00	19.02	8.55	9.45	76.50	123.16	32.52	8.53	3.90	1.71	5.79	3.24	1.45	20.44	5.06	8.44	7.41	1.69	9.07	0.17	2.42	0.07	0.01	0.01	
0.00	17.31	10.94	8.66	72.05	106.63	27.35	3.97	2.94	2.07	5.70	3.01	1.29	14.60	7.61	7.88	6.32	1.22	9.16	0.23	2.41	0.07	0.01	0.01	
0.00	17.70	11.80	8.64	72.37	93.86	64.77	6.56	4.41	2.49	4.38	2.84	1.24	12.24	6.94	4.38	6.83	2.03	9.30	0.26	2.45	0.08	0.01	0.01	
0.00	93.98	85.90	65.40	345.40	222.87	508.11	26.02	20.58	7.25	7.86	14.32	2.18	25.25	47.56	5.76	5.94	1.56	9.20	0.25	2.53	0.10	0.02	0.01	
0.00	64.00	56.23	44.98	227.58	184.42	364.36	20.15	11.33	4.47	5.85	9.98	1.68	16.45	31.68	6.87	6.88	1.68	9.43	0.23	2.59	0.13	0.01	0.01	
0.00	67.65	91.08	52.13	212.57	202.53	443.89	15.80	23.64	7.09	4.89	15.76	2.53	19.75	44.32	6.69	5.59	2.00	9.34	0.34	2.97	0.16	0.01	0.02	
0.00	118.50	71.84	79.60	379.97	270.66	692.14	35.16	11.86	8.96	11.89	10.94	1.48	29.42	45.04	7.58	6.49	3.13	9.37	0.29	2.98	0.26	0.01	0.01	
0.00	40.54	53.44	31.30	120.29	127.29	258.63	9.22	14.44	4.55	6.40	10.63	1.93	17.20	26.39	7.08	6.02	3.11	9.46	0.39	3.05	0.12	0.01	0.02	
0.00	89.57	55.92	60.66	279.97	253.98	533.26	27.08	7.30	6.50	11.39	8.11	1.30	24.93	34.98	8.76	7.02	3.46	9.53	0.27	3.14	0.23	0.01	0.01	
0.00	32.31	11.79	16.04	57.01	99.11	81.85	6.03	4.31	3.01	4.83	4.67	1.23	26.85	8.25	11.90	6.55	2.32	9.58	0.22	3.15	0.17	0.01	0.01	
0.00	15.90	8.84	5.60	49.07	105.44	36.20	5.38	4.00	2.78	5.87	3.23	0.93	16.89	5.24	4.11	6.25	2.79	9.63	0.21	3.25	0.09	0.01	0.01	
0.00	7.24	6.14	5.63	30.75	84.67	39.14	4.27	3.64	2.78	3.22	3.46	0.77	9.79	5.66	3.55	6.15	2.26	9.77	0.17	3.32	0.10	0.00	0.01	
0.00	78.66	56.48	62.14	304.70	227.34	561.00	28.57	6.10	7.49	9.06	13.09	2.12	19.54	38.40	6.04	6.91	1.86	9.73	0.19	3.42	0.30	0.01	0.01	
0.00	16.72	16.75	8.71	37.07	89.73	25.39	3.62	6.05	2.64	5.49	6.12	0.82	15.10	9.65	6.78	6.08	2.00	9.75	0.28	3.25	0.13	0.00	0.01	
0.00	14.66	11.21	8.39	43.36	100.34	55.92	3.79	3.95	2.63	5.87	4.76	0.63	16.38	7.12	2.65	6.38	2.22	9.65	0.34	3.29	0.08	0.00	0.01	
0.00	87.28	68.45	70.71	307.51	237.86	621.67	30.64	7.04	8.45	12.67	17.05	2.42	18.23	42.57	4.92	6.53	3.05	9.55	0.40	3.36	0.32	0.01	0.01	
0.00	89.13	112.66	72.25	351.90	229.73	625.11	28.50	22.33	10.70	10.50	25.93	2.80	19.95	58.76	6.69	5.54	3.07	9.18	0.51	3.54	0.14	0.02	0.02	
0.00	63.05	51.05	47.64	264.42	188.43	447.61	23.92	5.33	6.29	8.46	11.95	2.11	20.09	33.72	7.65	5.72	2.29	9.02	0.45	3.60	0.26	0.01	0.02	
0.00	20.74	13.97	6.35	47.92	92.44	52.43	5.44	4.36	2.58	5.97	3.56	0.75	18.41	10.35	5.09	5.81	3.02	8.62	0.51	3.39	0.37	0.01	0.02	
0.00	17.46	12.12	9.78	53.32	110.57	52.05	3.96	4.86	2.96	7.11	3.59	0.85	20.00	8.28	5.27	4.59	4.64	8.30	0.70	3.47	0.37	0.01	0.02	
0.00	24.13	28.32	17.14	83.41	107.64	130.83	5.84	7.11	3.11	11.11	6.14	1.33	15.78	15.38	6.32	5.00	6.08	7.87	1.02	3.46	0.65	0.01	0.02	
0.00	17.76	25.79	12.60	61.25	87.87	89.58	6.03	7.14	3.46	7.68	5.94	1.18	11.97	13.28	5.30	4.80	4.33	7.36	0.94	3.55	0.94	0.01	0.02	
0.00	54.81	69.75	42.63	178.82	128.21	338.26	15.52	16.34	6.30	8.92	15.81	1.67	28.40	34.82	9.27	4.97	3.81	7.00	0.80	3.40	1.09	0.01	0.02	
0.00	25.53	23.78	14.04	78.06	97.33	106.17	7.03	6.82	2.79	9.30	7.50	1.44	22.90	13.51	5.80	4.48	3.80	6.85	1.20	3.12	1.37	0.01	0.02	
0.00	52.20	43.97	34.94	198.20	111.84	313.72	16.15	7.86	4.82	9.15	9.66	1.81	22.26	27.73	4.05	4.48	2.85	6.39	1.85	3.05	1.28	0.01	0.02	
0.00	74.15	77.89	51.55	251.29	151.06	437.41	20.78	15.08	6.46	8.25	15.88	2.17	30.38	42.07	5.11	5.06	2.52	5.94	2.65	2.86	1.32	0.01	0.02	
0.00	33.57	52.26	28.55	118.50	113.10	165.91	8.03	13.75	2.63	6.74	13.64	1.64	22.68	26.92	9.14	4.26	2.57	5.50	2.95	2.69	1.36	0.01	0.01	
0.00	30.38	30.61	31.67	142.49	112.39	237.02	11.57	8.10	3.53	8.18	6.92	1.91	19.98	17.40	10.02	4.28	2.55	5.34	3.20	2.43	1.42	0.01	0.01	
0.00	64.63	96.26	64.72	234.04	161.27	445.49	19.82	26.34	4.73	10.76	18.26	2.87	20.71	47.31	7.48	4.37	1.96	5.33	3.45	2.33	1.34	0.01	0.01	
0.00	44.14	56.90	36.54	180.34	100.79	251.64	11.40	13.35	2.77	6.56	10.93	1.64	23.38	29.28	5.96	3.69	2.02	5.55	3.86	1.80	1.25	0.01	0.01	
0.00	15.03	9.08	7.67	65.07	85.72	33.08	3.54	3.75	1.40	4.95	4.73	1.54	14.36	7.79	5.41	3.19	2.45	5.68	4.34	1.64	1.21	0.00	0.01	
0.00	17.61	9.87	8.47	52.47	89.69	40.59	4.39	4.19	1.07	4.07	3.42	1.46	20.59	8.26	5.42	2.84	2.18	5.90	5.03	1.49	1.19	0.01	0.01	
0.00	15.40	9.41	7.91	53.78	76.10	34.86	3.99	4.09	0.97	4.97	3.78	1.54	16.44	7.09	5.95	2.40	2.74	6.11	5.76	1.39	1.19	0.01	0.00	
0.00	15.28	5.97	4.73	36.16	80.16	21.52	4.41	4.40	0.98	5.08	4.04	1.40	15.51	5.50	3.65	2.46	3.07	6.41	6.58	1.35	1.18	0.01	0.00	
0.00	20.35	7.53	8.16	40.90	84.82	30.12	4.99	4.62	1.04	6.20	4.53	1.42	17.30	5.09	7.28	2.35	2.87	6.76	7.23	1.27	1.17	0.01	0.00	
0.00	23.18	9.55	10.94	54.25	108.96	34.71	7.67	6.00	1.16	4.63	5.90	1.44	19.26	5.93	8.85	2.79	3.20	6.81	7.87	1.24	1.29	0.01	0.01	
0.00	28.31	11.00	10.62	64.11	87.46	37.42	8.97	6.22	1.68	4.15	5.57	1.79	26.33	7.93	9.37	3.50	3.35	6.64	8.42	1.14	1.42	0.01	0.00	
0.00	25.01	10.69	8.54	89.37	84.07	35.57	7.27	4.82	2.13	5.22	4.50	1.86	16.20	6.83	3.89	3.45	3.43	5.98	8.88	0.98	1.51	0.01	0.00	
0.00	28.57	14.25	10.62	100.67	99.93	43.00	6.13	5.20	1.76	6.70	6.77	2.27	22.01	9.35	8.17	3.27	3.61	5.10	9.27	0.84	1.57	0.01	0.00	
0.00	32.63	11.05	10.94	106.09	118.90	49.66	6.76	6.26	2.02	5.36	5.36	2.45	26.55	8.12	8.21	3.00	3.74	4.12	9.45	0.65	1.61	0.01	0.00	
0.00	21.90	10.83	12.12	141.21	140.83	43.46	6.28	6.45	1.86	6.09	5.52	2.48	24.67	6.75	7.69	2.88	4.52	3.01	9.54	0.37	1.60	0.01	0.01	
0.00	34.47	11.79	8.43	140.44	104.27	35.49	7.58	3.04	1.40	8.44	4.88	2.65	27.63	9.66	6.07	3.09	4.61	1.85	9.53	0.20	1.58	0.02	0.00	
0.00	43.48	12.26	11.70	177.22	106.34	42.95	8.81	8.59	2.34	10.66	5.04	2.77	28.43	9.70	9.70	1.69	5.14	1.01	9.46	0.16	1.62	0.02	0.00	
0.00	36.71	11.08	12.32	109.69	95.63	45.56	9.37	4.75	1.68	8.85	4.12	3.05	22.13	8.70	7.16	2.18	5.57	0.63	9.42	0.14	1.69	0.03	0.00	
0.00	32.37	9.81	13.74	104.27	113.21	36.01	7.00	3.19	1.22	7.33	4.06	2.98	27.71	7.65	10.59	1.29	5.72	0.42	9.43	0.12	1.69	0.02	0.00	
0.00	31.29	10.87	10.33	70.87	148.35	33.50	6.48	5.08	1.64	8.76	3.56	3.16	22.47	9.57	10.84	1.73	5.25	0.32	9.49	0.12	1.73	0.02	0.00	
0.00	22.01	9.82	10.10	82.87	122.96	32.57	5.54	3.73	1.38	9.55	3.30	3.20	19.05	7.16	8.98	1.70	5.92	0.20	9.51	0.14	1.76	0.01	0.00	
0.00	26.18	9.73	11.58	49.53	121.73	69.20	5.62	7.46	2.38	14.16	3.71	3.71	20.23	6.34	7.86	2.06	5.14	0.22	9.46	0.15	1.74	0.01	0.00	
0.00	21.73	9.51	8.45	37.16	136.22	38.45	6.23	5.93	2.02	10.46	3.49	2.76	17.25	6.25	6.56	1.31	5.44	0.15	9.50	0.11	1.68	0.01	0.00	
0.00	19.45	15.19	8.15	77.30	149.89	42.47	5.01	4.91	1.92	10.74	3.44	2.85	15.42	8.16	8.46	1.67	4.93	0.26	9.37	0.12	1.61	0.01	0.01	
0.00	15.09	10.43	10.80	55.65	117.20	55.67	6.01	4.44	1.93	8.93	3.21	2.77	20.68	6.14	6.09	2.99	4.90	0.37	9.25	0.11	1.58	0.02	0.01	
0.00	13.99	8.65	8.84	77.27	100.60	32.92	5.67	3.75	1.71	6.56	3.80	2.49	15.58	5.43	6.44	2.62	4.46	0.31	9.22	0.09	1.50	0.01	0.01	
0.00	13.80	10.43	7.38	69.61	98.18	39.94	7.68	4.30	1.92	9.06	3.51	2.56	15.24	5.98	4.92	3.51	5.06	0.44	9.14	0.11	1.50	0.02	0.01	
0.00	11.87	9.67	7.93	49.00	85.83	26.72	7.03	4.52	1.90	6.24	3.32	2.83	11.62	5.82	5.52	3.81	4.52	0.60	8.97	0.11	1.48	0.02	0.01	
0.00	13.33	6.69	6.26	58.07	85.52	23.28	5.58	3.17	1.11	5.80	3.40	2.68	11.99	5.33	3.92	2.93	4.89	0.47	8.94	0.11	1.51	0.02	0.01	
0.00	11.68	7.28	4.55	24.61	107.83	18.00	5.39	3.38	1.33	4.84	3.21	2.79	13.44	5.52	4.69	2.51	4.91	0.28	9.01	0.09	1.56	0.01	0.01	
0.00	11.22	5.86	5.02	42.02	109.87	22.08	4.60	3.43	0.92	5.04	3.15	2.64	14.52	4.79	3.92	2.62	5.17	0.22	9.20	0.08	1.55	0.01	0.01	
0.00	15.44	6.52	5.03	22.10	96.41	20.35	5.79	4.48	1.29	5.64	3.36	3.05	13.73	6.61	3.58	2.89	5.55	0.25	9.31	0.10	1.53	0.01	0.00	
0.00	13.38	8.48	4.73	29.29	90.54	29.27	5.74	3.84	1.11	6.58	3.76	2.78	15.64	6.89	2.83	2.79	5.01	0.24	9.48	0.11	1.57	0.01	0.01	
0.00	12.17	8.81	5.87	32.53	99.52	36.16	4.78	5.39	0.91	8.97	3.77	3.17	12.40	6.37	3.05	2.54	5.18	0.18	9.56	0.10	1.60	0.01	0.00	
0.00	18.33	11.40	4.46	25.96	112.08	29.85	4.54	7.23	0.93	8.68	3.87	2.80	18.95	6.78	3.43	1.68	5.09	0.30	9.66	0.16	1.63	0.01	0.01	
0.00	16.71	12.11	5.86	40.75	113.43	36.49	4.17	6.75	1.03	10.45	3.84	3.37	15.41	7.36	3.37	1.55	4.92	0.30	9.66	0.14	1.59	0.01	0.01	
0.00	11.21	10.98	3.01	32.27	98.14	22.25	3.89	6.16	0.87	5.35	3.86	2.97	12.58	7.56	3.75	1.63	4.62	0.39	9.79	0.11	1.63	0.02	0.01	
0.00	16.57	12.53	3.80	49.13	100.86	25.75	4.51	7.54	0.86	4.87	4.00	2.80	19.86	6.70	4.44	2.24	5.06	0.49	9.73	0.18	1.56	0.02	0.01	
0.00	16.99	14.34	6.33	30.89	107.89	31.29	6.59	9.32	0.90	5.37	4.53	2.85	16.09	10.18	5.07	2.66	4.95	0.36	9.72	0.22	1.62	0.01	0.01	
0.00	12.73	7.37	4.21	26.28	79.15	27.65	4.85	6.09	0.86	7.04	3.59	3.13	11.06	5.50	3.16	3.28	5.08	0.52	9.64	0.16	1.69	0.02	0.01	
0.00	12.36	9.42	5.96	26.81	74.92	27.20	5.10	4.65	0.70	6.68	3.70	3.35	12.04	5.78	2.91	4.06	4.59	0.56	9.42	0.21	1.72	0.02	0.01	
0.00	27.43	23.43	12.27	58.40	116.08	49.25	8.21	10.97	0.90	9.52	3.99	3.13	26.01	12.78	10.66	4.74	5.09	0.87	9.12	0.54	1.84	0.03	0.01	
