gaitPhase	pelvis_tilt_moment	pelvis_list_moment	pelvis_rotation_moment	pelvis_tx_force	pelvis_ty_force	pelvis_tz_force	hip_flexion_r_moment	hip_adduction_r_moment	hip_rotation_r_moment	hip_flexion_l_moment	hip_adduction_l_moment	hip_rotation_l_moment	lumbar_extension_moment	lumbar_bending_moment	lumbar_rotation_moment	knee_angle_r_moment	knee_angle_l_moment	ankle_angle_r_moment	ankle_angle_l_moment	subtalar_angle_r_moment	subtalar_angle_l_moment	mtp_angle_r_moment	mtp_angle_l_moment	
0.00	34.94	13.46	8.42	91.39	125.44	53.24	6.52	5.36	1.74	5.86	3.42	0.90	25.91	14.73	6.64	2.66	3.00	4.94	5.63	1.56	1.54	0.01	0.01	
0.00	15.60	4.20	4.59	25.99	81.31	26.27	3.88	3.92	1.52	4.20	2.48	0.88	14.14	4.04	2.49	2.33	2.56	4.88	5.64	1.47	1.43	0.01	0.01	
0.00	18.95	4.18	4.32	58.38	103.13	17.72	4.19	3.10	1.13	3.58	1.45	0.29	10.67	2.83	1.92	2.97	2.82	4.75	5.65	1.20	1.31	0.00	0.01	
0.00	22.06	3.96	6.41	73.47	78.66	23.58	5.37	2.69	1.20	2.12	2.03	0.74	15.20	4.03	4.08	3.18	2.39	4.65	5.66	0.98	1.31	0.01	0.01	
0.00	16.65	7.10	5.35	61.70	91.02	11.64	6.91	2.55	1.36	3.32	1.61	0.60	8.12	6.09	3.87	3.10	2.62	4.92	5.80	0.92	1.07	0.00	0.00	
0.00	12.74	8.02	6.24	55.05	82.69	26.85	4.95	2.60	1.34	4.52	1.66	1.03	12.56	6.80	2.67	3.26	3.17	4.93	5.61	0.88	0.83	0.00	0.01	
0.00	48.50	30.14	6.51	98.80	68.79	60.50	6.34	4.13	1.23	5.27	1.88	1.13	33.57	28.22	7.67	3.80	2.69	4.91	5.55	0.87	1.04	0.00	0.00	
0.00	18.75	17.50	9.24	81.27	89.33	37.52	5.29	1.93	1.04	3.53	1.51	1.23	11.56	13.33	5.81	3.34	2.34	4.94	5.29	0.86	1.20	0.00	0.00	
0.00	18.20	13.98	6.31	73.19	70.35	28.64	2.99	2.13	1.07	3.17	2.38	1.26	17.20	10.73	3.69	3.52	3.23	5.16	5.32	0.89	1.30	0.00	0.00	
0.00	28.84	11.10	10.51	28.39	120.45	68.83	3.09	3.54	1.39	8.00	2.30	1.60	29.55	9.56	5.64	3.65	3.15	5.38	5.30	0.98	1.12	0.00	0.01	
0.00	24.61	13.85	14.71	52.36	104.49	45.37	3.88	1.99	1.34	5.05	2.31	1.35	18.25	8.71	14.43	4.08	3.22	5.77	5.49	1.12	1.14	0.00	0.01	
0.00	22.87	15.80	7.85	45.53	81.69	36.33	3.19	1.76	1.43	4.28	1.83	0.87	22.72	13.93	6.30	3.83	3.44	6.06	5.57	1.15	1.20	0.00	0.00	
0.00	24.14	23.26	17.65	62.39	116.40	70.39	3.15	4.47	1.49	4.13	2.05	0.54	25.86	22.01	13.65	4.42	4.34	6.08	5.46	1.01	1.07	0.01	0.00	
0.00	33.60	22.01	19.57	65.59	121.99	40.92	2.55	3.41	1.17	5.83	2.35	1.15	20.85	18.14	17.08	4.15	4.64	5.78	5.05	0.71	0.96	0.00	0.00	
0.00	59.41	27.37	18.95	111.20	94.97	79.61	6.18	3.44	1.21	6.88	3.19	1.52	48.55	20.91	12.52	4.87	4.95	5.53	4.87	0.70	1.02	0.00	0.01	
0.00	18.54	18.72	10.70	56.31	134.74	17.80	4.41	4.54	1.31	3.14	2.20	1.66	21.15	12.44	9.14	4.29	4.01	5.25	4.82	0.93	1.19	0.00	0.01	
0.00	34.00	12.97	7.00	56.63	83.61	22.67	6.68	2.68	1.41	6.90	3.83	1.48	28.04	9.98	7.41	4.88	6.13	5.03	4.78	1.02	1.33	0.00	0.01	
0.00	33.25	10.04	6.75	50.24	111.02	34.04	5.94	2.85	1.98	5.05	2.41	1.33	29.21	7.88	5.41	5.15	4.98	4.61	4.35	1.08	1.20	0.00	0.00	
0.00	29.93	8.08	8.01	68.80	62.80	46.36	9.73	1.82	2.60	5.61	4.31	1.13	24.26	4.57	4.02	5.70	4.90	4.21	3.88	1.11	1.02	0.01	0.00	
0.00	40.78	13.56	14.37	37.95	131.78	44.99	6.32	3.01	2.22	4.71	3.51	1.27	39.26	14.26	13.37	5.88	5.35	3.80	3.73	1.12	1.08	0.01	0.00	
0.00	24.16	8.87	5.86	98.79	96.30	27.90	7.94	3.93	1.98	8.61	2.39	0.87	27.54	8.73	5.26	5.29	6.71	3.55	3.80	1.17	0.97	0.00	0.01	
0.00	21.70	10.79	15.74	118.88	108.50	61.68	8.22	5.11	2.06	8.02	5.25	1.41	27.02	7.67	8.25	5.68	8.26	3.48	4.10	1.29	0.83	0.00	0.01	
0.00	19.66	13.70	19.32	76.88	152.92	135.88	6.62	5.74	1.41	6.32	6.06	1.49	23.56	9.49	10.48	6.68	7.93	3.50	4.58	1.27	0.94	0.00	0.01	
0.00	28.96	16.17	12.22	49.29	120.46	170.07	8.22	6.30	2.01	6.03	5.76	1.54	32.76	14.86	8.58	6.76	7.57	3.68	5.07	1.06	1.07	0.00	0.01	
0.00	25.76	31.67	18.45	124.56	114.78	204.39	5.21	5.65	1.40	8.62	5.58	2.13	30.06	28.64	2.69	6.70	8.50	3.82	5.47	0.88	0.90	0.00	0.01	
0.00	77.71	17.58	57.49	469.72	297.18	56.45	8.17	7.03	2.79	6.63	5.68	1.77	94.59	45.25	10.74	6.63	7.96	4.10	5.71	0.95	0.82	0.00	0.01	
0.00	85.64	39.08	46.50	468.46	320.94	63.10	9.09	5.75	1.90	8.13	7.95	2.15	89.81	5.86	4.07	5.28	5.39	4.12	5.87	0.92	1.03	0.01	0.01	
0.00	32.98	11.48	23.94	73.55	164.07	172.99	6.01	5.08	2.08	7.62	1.20	1.74	29.79	14.09	6.64	4.64	5.72	4.08	6.00	0.91	1.06	0.00	0.00	
0.00	22.38	55.72	28.47	647.97	104.24	624.13	5.13	16.24	2.25	11.63	15.78	1.70	55.43	38.30	6.11	4.07	5.32	4.01	6.11	1.01	1.01	0.00	0.01	
0.00	47.68	60.72	33.24	656.89	179.25	584.60	11.59	15.60	1.96	14.21	18.52	2.14	49.95	52.39	6.61	4.63	5.30	4.10	5.99	1.24	1.08	0.00	0.01	
0.00	20.52	45.93	18.31	172.49	156.12	144.36	10.68	8.69	1.56	15.87	5.36	1.90	20.44	39.59	12.81	5.13	6.20	4.24	5.80	1.71	0.93	0.00	0.00	
0.00	90.89	148.59	67.71	580.73	301.59	468.46	11.02	13.32	3.16	18.03	10.03	3.83	102.35	144.21	10.86	6.29	12.78	4.16	5.56	1.95	0.82	0.00	0.01	
0.00	170.97	191.67	106.97	867.74	729.27	622.65	10.59	18.03	2.23	27.62	23.11	5.76	181.03	173.68	7.80	7.65	13.22	4.07	5.44	1.96	1.10	0.01	0.01	
0.00	186.70	159.25	114.57	1254.78	697.46	1186.31	11.68	27.19	1.98	15.43	28.39	4.74	258.82	162.45	4.89	8.17	12.80	4.17	4.62	1.94	1.13	0.00	0.02	
0.00	130.34	226.66	50.31	732.92	526.73	386.64	6.96	10.81	2.99	34.59	19.09	4.28	192.70	138.03	6.08	7.70	9.57	4.51	4.85	1.85	1.14	0.01	0.01	
0.00	157.09	48.75	81.57	802.35	371.90	1003.56	15.98	13.61	2.69	4.33	16.37	4.44	212.34	59.60	20.02	6.16	8.21	5.02	4.49	1.57	1.33	0.00	0.01	
0.00	133.86	179.23	122.41	763.11	355.57	843.13	10.50	17.82	6.15	20.20	15.96	5.61	178.44	187.57	9.67	5.93	8.14	5.34	4.73	1.73	1.27	0.01	0.01	
0.00	116.90	85.91	41.07	689.96	284.84	782.27	7.98	16.09	3.72	8.51	18.73	2.09	166.12	64.47	7.83	4.57	6.45	5.70	4.70	1.63	1.27	0.00	0.01	
0.00	44.79	48.97	17.86	213.97	311.96	115.13	5.79	7.66	3.72	6.29	4.16	2.16	65.67	35.83	10.51	4.70	6.42	6.00	4.85	1.68	1.00	0.00	0.00	
0.00	111.56	34.64	15.68	216.71	325.19	145.57	9.13	4.48	3.73	6.38	4.99	2.07	155.00	18.20	10.47	4.81	5.73	6.43	5.15	1.71	0.98	0.00	0.00	
0.00	44.18	15.71	7.12	82.04	162.89	104.39	7.09	5.91	3.57	5.82	6.72	2.69	42.96	28.59	4.01	5.07	5.47	6.78	5.58	1.78	1.08	0.01	0.01	
0.00	9.91	23.41	5.35	106.33	136.76	58.04	9.11	6.22	2.94	5.69	5.09	2.47	17.34	18.93	9.72	5.34	5.49	7.08	6.15	1.74	1.00	0.01	0.00	
0.00	24.83	12.83	8.30	100.79	110.47	130.73	4.89	5.99	3.34	6.55	7.93	2.35	26.36	11.62	3.21	5.92	5.13	7.40	6.69	1.78	1.10	0.00	0.00	
0.00	17.19	21.59	6.92	59.07	71.39	51.33	9.07	5.84	3.37	3.76	4.92	3.38	15.81	22.42	7.72	5.47	5.53	7.64	7.25	1.88	1.13	0.00	0.00	
0.00	30.99	23.02	10.00	76.07	94.92	92.90	7.64	4.28	2.95	7.06	6.71	3.12	37.76	27.11	7.96	5.43	5.54	7.65	7.72	1.92	1.17	0.00	0.01	
0.00	28.56	32.42	17.03	82.58	164.29	110.56	9.99	4.94	2.87	17.58	26.14	9.88	21.08	24.00	6.51	4.83	6.85	7.49	8.03	1.80	1.20	0.01	0.01	
0.00	35.18	15.91	17.60	49.52	73.20	105.37	10.32	5.62	3.27	10.76	18.02	5.92	33.68	20.47	5.58	4.93	6.25	7.40	8.31	1.67	1.26	0.01	0.01	
0.00	20.98	15.54	5.48	29.69	113.64	33.79	11.66	2.69	3.31	6.43	4.87	3.91	30.94	16.82	6.00	4.01	4.77	7.69	8.63	1.61	1.36	0.00	0.00	
0.00	17.27	10.38	7.34	36.49	133.70	40.85	11.04	3.34	3.19	4.35	3.97	3.81	30.06	12.66	7.41	3.66	4.28	8.02	9.02	1.59	1.56	0.00	0.00	
0.00	23.82	15.32	22.78	44.69	98.81	53.29	10.75	3.81	3.49	16.66	25.06	6.66	23.66	12.85	6.09	3.12	3.86	8.15	9.28	1.75	1.73	0.00	0.01	
0.00	15.50	14.06	11.46	14.78	72.81	26.63	12.11	2.38	3.02	10.60	12.18	4.65	21.68	12.49	3.93	3.56	4.05	8.25	9.47	1.77	1.73	0.01	0.00	
0.00	15.53	11.31	11.73	30.22	78.33	27.55	12.54	3.31	3.28	5.72	9.57	4.50	23.61	13.77	4.66	3.71	3.73	8.33	9.66	1.57	1.61	0.01	0.01	
0.00	18.48	6.37	8.22	45.44	50.00	55.71	12.16	1.81	2.65	4.83	4.08	4.15	26.95	9.54	2.38	4.09	3.98	8.34	9.90	1.43	1.57	0.00	0.00	
0.00	16.98	18.04	3.95	41.89	98.99	33.77	11.27	2.49	3.05	5.04	3.64	3.82	20.23	17.95	4.77	4.72	3.71	8.37	10.09	1.18	1.50	0.00	0.00	
0.00	17.73	25.46	8.87	69.35	165.19	92.72	11.88	3.04	2.48	5.23	4.96	3.68	21.46	22.75	6.45	4.86	4.06	8.58	10.26	0.99	1.75	0.00	0.00	
0.00	18.34	13.68	6.61	30.68	58.35	52.92	12.56	3.01	2.29	5.57	3.10	3.89	19.36	9.84	4.07	5.32	4.63	8.73	10.25	1.05	1.94	0.00	0.00	
0.00	25.38	17.47	4.49	24.17	80.96	62.26	11.86	4.18	2.58	2.98	3.47	4.02	23.12	22.85	4.53	5.56	4.22	9.09	10.28	1.38	2.16	0.00	0.01	
0.00	28.56	45.25	9.37	83.14	128.40	137.35	13.57	4.64	2.16	5.04	9.69	3.87	29.59	47.49	11.51	5.23	4.55	9.49	10.33	1.35	2.39	0.00	0.01	
0.00	35.61	13.03	11.66	67.48	170.88	125.44	14.30	7.61	2.32	4.68	7.75	4.52	32.56	20.69	5.40	5.02	4.50	9.65	10.40	1.34	2.50	0.01	0.01	
0.00	32.23	17.90	8.59	98.85	85.00	109.62	12.65	7.36	2.82	5.83	4.05	3.85	46.58	20.88	3.04	5.12	3.85	9.89	10.25	1.54	2.43	0.00	0.00	
0.00	118.22	78.13	85.96	1070.37	571.00	1233.70	22.06	24.93	5.50	7.51	22.21	6.12	218.54	88.45	9.96	4.96	4.61	10.06	10.17	1.80	2.23	0.01	0.00	
0.00	38.54	24.53	32.52	211.70	169.27	204.71	12.92	5.05	3.35	8.87	6.94	4.75	62.13	24.06	8.20	4.62	3.60	10.05	10.15	1.59	2.41	0.00	0.00	
0.00	36.88	18.38	30.47	301.30	147.87	253.19	13.85	6.03	3.03	8.41	5.38	4.22	61.91	23.67	5.79	5.03	3.74	10.14	10.08	1.62	2.37	0.00	0.01	
0.00	162.33	119.53	157.74	1584.21	787.90	1486.28	26.77	20.89	5.21	13.71	21.39	5.76	319.31	135.29	7.80	4.84	3.26	10.26	9.96	1.63	2.20	0.02	0.00	
0.00	206.44	60.50	77.67	1615.31	225.59	1157.25	10.45	21.10	2.19	9.50	23.16	5.22	373.68	44.64	6.74	4.77	4.04	10.12	9.55	1.79	2.09	0.01	0.00	
0.00	204.20	71.01	80.18	816.10	775.36	678.01	15.71	8.51	4.19	8.55	10.53	5.02	315.50	67.85	13.85	4.88	3.64	9.98	9.33	1.91	1.87	0.01	0.00	
0.00	238.20	243.96	75.07	394.91	1256.75	494.42	19.55	17.73	6.61	23.69	35.00	11.80	270.81	141.06	14.79	6.35	5.79	9.97	8.97	1.83	2.11	0.00	0.01	
0.00	242.45	341.76	87.61	1050.90	1047.69	394.77	40.42	21.01	5.34	40.72	33.45	10.02	276.52	184.15	19.85	3.16	9.09	9.96	8.85	2.23	1.60	0.01	0.01	
0.00	381.88	201.55	107.57	1640.97	890.03	1720.70	18.70	35.56	5.48	16.79	47.62	5.34	426.06	239.94	18.78	4.79	16.57	9.61	7.28	2.11	1.43	0.00	0.02	
0.00	69.65	59.39	24.78	256.67	150.20	297.44	10.62	9.44	3.56	9.06	10.75	5.02	68.19	60.94	10.64	4.64	7.28	9.22	7.52	1.80	1.76	0.00	0.01	
0.00	319.89	88.83	87.17	1819.64	746.21	1521.39	17.44	41.35	6.36	20.24	46.91	4.82	382.94	166.27	13.94	5.76	14.23	8.67	7.28	1.59	1.85	0.01	0.02	
0.00	29.78	6.78	7.15	46.64	99.49	52.02	10.44	7.58	3.84	8.26	7.01	4.66	30.47	8.59	5.62	7.54	6.68	8.23	6.64	1.53	1.99	0.00	0.00	
0.00	22.74	9.11	8.66	24.63	100.89	20.70	11.44	7.37	3.84	6.80	7.62	4.40	22.23	6.30	8.75	8.49	7.37	7.51	5.94	1.36	2.07	0.00	0.00	
0.00	20.01	7.68	6.56	24.76	152.93	29.72	10.32	5.86	4.29	8.58	5.84	3.34	26.20	7.34	5.88	9.96	8.28	6.68	5.18	1.31	1.84	0.00	0.00	
0.00	13.88	8.58	4.82	17.91	114.25	23.48	10.64	7.31	4.14	6.38	6.62	3.10	16.98	7.75	3.42	9.47	8.83	5.88	4.35	1.32	1.45	0.00	0.00	
0.00	28.52	18.16	7.22	51.70	110.95	28.05	6.67	3.47	4.59	7.66	5.55	2.51	27.89	13.78	3.83	10.27	9.22	5.12	3.71	1.41	1.14	0.00	0.00	
0.00	26.38	32.48	8.98	76.03	135.00	42.81	8.19	6.71	5.08	5.92	6.62	2.61	26.39	22.56	7.04	10.14	8.19	4.47	3.30	1.52	1.01	0.00	0.00	
0.00	115.26	32.29	25.33	628.42	139.98	420.61	16.55	11.37	4.75	23.73	7.76	1.15	139.54	39.82	8.37	8.94	7.42	3.91	3.05	1.51	0.87	0.01	0.02	
0.00	66.29	16.31	20.59	820.50	92.39	410.04	15.34	11.01	4.09	21.21	9.10	1.49	108.11	22.58	5.57	8.57	7.77	3.37	3.16	1.43	0.73	0.01	0.02	
0.00	16.84	8.96	6.67	32.93	70.45	36.34	4.43	3.56	3.55	3.49	4.31	1.98	21.70	6.85	6.41	7.81	7.95	3.18	3.08	0.98	0.55	0.01	0.01	
0.00	38.01	14.33	5.79	50.02	113.05	20.82	9.39	3.41	3.70	4.10	4.95	2.06	35.87	13.45	1.72	7.75	8.52	3.19	3.16	0.89	0.53	0.00	0.00	
0.00	13.30	9.48	7.35	35.12	135.20	35.86	6.78	5.44	4.28	5.93	4.01	2.30	19.29	8.04	4.40	7.40	9.79	3.01	3.22	1.15	0.56	0.00	0.01	
0.00	32.27	9.70	3.91	43.14	112.28	33.17	3.70	2.70	3.29	3.11	3.49	2.15	35.46	8.93	3.60	7.06	7.41	2.87	3.25	1.33	0.53	0.00	0.00	
0.00	35.63	6.25	4.78	98.54	86.57	29.37	3.43	3.20	3.51	4.08	3.04	2.19	26.66	5.61	4.00	6.70	8.11	2.96	3.18	1.64	0.49	0.00	0.00	
0.00	20.01	14.13	9.91	48.47	130.63	31.51	4.63	3.85	3.08	2.97	2.39	2.23	24.75	8.69	10.25	6.55	8.39	3.25	3.31	1.86	0.41	0.00	0.01	
0.00	16.20	9.00	7.76	43.18	78.30	11.91	3.38	5.24	2.93	2.65	1.91	2.33	17.71	4.67	6.88	6.70	9.41	3.73	3.41	1.79	0.50	0.00	0.00	
0.00	15.59	8.08	9.19	27.95	90.79	32.28	7.61	4.63	2.49	3.13	2.47	2.34	13.94	7.92	5.97	6.84	8.69	4.32	4.03	1.44	0.64	0.00	0.01	
0.00	36.60	21.85	7.34	44.47	88.14	39.48	3.47	6.07	2.26	3.82	2.71	1.53	35.87	18.01	7.58	6.77	7.62	4.72	4.75	1.42	0.89	0.00	0.00	
0.00	28.63	24.76	6.90	51.75	70.00	34.23	8.54	2.78	2.57	4.82	3.33	1.09	26.91	18.66	9.20	6.71	6.85	5.25	5.68	1.34	1.24	0.00	0.00	
0.00	21.05	7.75	8.20	51.10	71.37	25.23	5.37	3.54	2.03	4.57	1.93	1.08	14.82	4.62	6.19	7.24	5.78	5.65	6.35	1.26	1.35	0.00	0.00	
0.00	43.26	34.72	18.74	81.72	92.69	68.10	6.41	3.87	2.45	2.41	3.04	0.94	36.51	27.67	18.16	8.47	5.25	6.08	6.65	1.25	1.25	0.01	0.01	
0.00	45.79	21.64	11.30	62.76	80.75	48.87	5.34	1.95	2.31	3.00	1.58	1.09	41.36	17.33	12.16	9.40	5.62	6.33	6.53	1.34	1.01	0.01	0.00	
0.00	24.66	9.84	8.80	63.10	99.06	25.68	4.18	3.32	2.56	4.47	1.89	1.49	25.24	6.80	8.38	9.58	6.09	6.73	6.68	1.57	1.06	0.00	0.00	
0.00	34.03	12.45	5.88	50.88	73.68	30.39	5.05	2.15	2.87	5.00	2.47	2.03	20.63	7.78	7.14	10.26	7.62	7.25	6.77	1.85	1.24	0.00	0.01	
0.00	22.80	8.80	7.12	68.68	76.48	31.55	5.57	3.23	2.67	6.85	2.26	2.10	24.29	9.97	5.23	9.77	7.54	7.94	6.98	1.93	1.29	0.00	0.01	
0.00	34.53	16.50	9.33	62.73	72.85	45.91	8.12	1.45	2.60	3.99	3.18	1.88	25.35	15.07	10.21	9.60	7.04	8.45	7.10	1.86	0.94	0.00	0.01	
0.00	19.71	23.70	4.49	77.98	101.66	43.94	3.56	3.79	2.24	6.77	4.94	1.52	15.41	16.14	6.74	9.00	7.32	8.61	7.16	1.75	0.66	0.00	0.00	
0.00	12.15	2.75	3.27	45.17	64.25	20.24	4.88	2.09	2.43	4.57	2.07	1.21	13.34	3.00	1.91	9.04	5.17	8.48	7.10	1.77	0.69	0.01	0.00	
0.00	15.59	10.18	9.39	54.31	97.32	45.79	5.57	3.70	2.82	8.01	2.89	1.27	15.86	7.71	4.27	8.62	5.12	7.91	6.75	2.03	0.81	0.00	0.01	
0.00	41.54	13.24	8.84	192.10	109.97	45.59	10.99	4.08	2.83	6.34	6.12	1.44	29.37	8.82	5.67	7.98	4.33	7.50	6.58	2.32	1.08	0.01	0.01	
