gaitPhase	pelvis_tilt_moment	pelvis_list_moment	pelvis_rotation_moment	pelvis_tx_force	pelvis_ty_force	pelvis_tz_force	hip_flexion_r_moment	hip_adduction_r_moment	hip_rotation_r_moment	hip_flexion_l_moment	hip_adduction_l_moment	hip_rotation_l_moment	lumbar_extension_moment	lumbar_bending_moment	lumbar_rotation_moment	knee_angle_r_moment	knee_angle_l_moment	ankle_angle_r_moment	ankle_angle_l_moment	subtalar_angle_r_moment	subtalar_angle_l_moment	mtp_angle_r_moment	mtp_angle_l_moment	
0.00	28.52	14.64	15.56	132.62	115.73	43.61	7.21	11.35	7.28	9.11	4.57	4.02	28.16	17.65	5.13	5.38	4.90	5.84	4.87	3.38	3.06	0.01	0.01	
0.00	20.13	12.74	15.19	89.56	123.00	20.39	7.39	12.53	7.99	14.78	8.03	4.62	22.19	20.59	5.18	4.26	7.43	6.25	4.68	3.70	2.89	0.01	0.01	
0.00	12.48	4.50	12.84	116.64	140.49	60.63	9.01	10.62	7.56	10.43	7.96	7.70	19.59	16.69	3.70	3.50	10.12	6.94	5.88	3.57	3.92	0.01	0.00	
0.00	15.00	7.95	18.68	96.44	101.80	55.13	5.93	8.16	6.23	11.32	10.96	11.01	20.52	19.24	3.33	3.99	16.55	8.41	8.80	3.13	5.57	0.02	0.00	
0.00	22.02	11.73	10.41	62.10	96.95	32.18	14.65	6.59	3.66	14.22	9.43	12.37	15.82	20.73	4.14	3.26	24.05	10.61	13.26	2.10	6.76	0.02	0.00	
0.00	35.88	24.44	13.23	52.06	149.46	70.62	15.35	6.58	2.46	14.08	11.40	13.79	23.16	27.47	4.78	3.16	33.71	11.77	19.01	2.26	8.12	0.02	0.00	
0.00	18.04	14.47	11.21	63.65	86.96	32.96	17.16	4.21	1.80	19.26	7.82	15.80	30.71	30.13	4.79	4.26	41.07	10.63	24.73	2.43	10.33	0.03	0.00	
0.00	20.40	20.97	16.39	54.98	96.20	31.02	12.04	5.27	1.58	17.06	8.41	14.89	27.45	28.66	4.60	3.68	42.85	7.70	27.18	2.53	11.51	0.02	0.00	
0.00	19.17	13.98	14.11	93.15	117.51	22.80	12.14	5.96	1.77	20.28	8.13	11.69	34.21	25.37	5.73	3.78	36.29	5.34	24.25	2.09	10.82	0.03	0.00	
0.00	31.31	17.14	13.65	56.40	159.84	38.54	10.66	5.23	2.04	20.49	9.26	10.52	25.58	26.54	5.98	4.86	35.19	2.88	19.56	2.24	9.84	0.02	0.01	
0.00	40.95	13.91	17.97	70.48	147.35	57.81	8.40	4.09	1.23	16.16	9.00	17.20	45.35	27.33	7.70	4.40	45.46	0.72	28.15	0.09	12.08	0.03	0.01	
0.00	39.21	16.17	21.56	106.49	131.21	32.75	6.48	4.90	0.82	18.30	12.40	20.59	30.93	34.78	4.54	3.96	57.38	0.39	42.17	0.13	13.14	0.01	0.03	
0.00	24.28	18.93	23.45	125.07	122.73	31.61	8.55	5.37	1.58	18.86	13.17	22.86	36.83	38.62	15.79	3.64	55.05	0.28	49.00	0.26	13.76	0.01	0.02	
0.00	63.88	20.17	33.78	118.65	121.60	66.80	10.69	3.34	1.21	12.25	10.63	23.65	72.18	42.06	22.40	4.72	47.92	0.26	56.25	0.11	15.76	0.01	0.02	
0.00	19.82	15.90	21.84	55.03	119.56	31.83	12.99	3.99	1.63	13.84	9.16	18.38	21.07	36.68	8.46	5.16	36.90	0.70	58.10	0.16	13.62	0.02	0.03	
0.00	29.85	19.87	15.52	90.55	164.15	61.67	31.69	5.62	3.58	14.48	7.90	14.33	24.09	32.07	8.27	7.80	25.13	1.68	51.01	1.07	10.58	0.03	0.03	
0.00	39.60	18.61	13.43	113.54	75.20	63.59	40.35	30.16	6.58	9.74	8.52	10.22	22.31	21.89	8.57	35.03	15.24	7.53	39.23	0.94	8.29	0.08	0.03	
0.00	60.44	24.18	17.69	127.03	130.64	63.11	47.27	10.05	13.54	15.56	9.88	3.04	25.84	14.05	16.57	27.08	13.57	13.04	26.84	1.54	3.13	0.04	0.02	
0.00	77.39	41.54	31.88	158.85	118.26	114.78	63.21	18.96	19.41	19.34	15.95	8.20	61.45	23.97	23.09	48.04	13.63	19.16	12.52	1.75	1.66	0.16	0.03	
0.00	46.72	42.49	25.56	99.66	171.03	74.94	53.00	33.71	20.86	14.37	6.22	3.75	54.44	8.43	23.64	44.33	11.58	26.12	2.30	2.29	1.34	0.13	0.04	
0.00	85.02	30.63	25.35	175.64	226.29	87.24	72.11	22.88	25.09	15.25	10.07	3.55	55.82	32.78	14.69	53.84	10.52	31.89	0.70	6.24	0.29	0.11	0.03	
0.00	157.35	68.27	27.95	975.30	969.60	119.64	69.46	25.12	24.88	18.70	10.86	4.46	132.45	39.36	21.07	66.80	9.67	36.95	0.64	6.95	0.28	0.17	0.03	
0.00	74.73	76.53	19.51	604.06	539.03	90.54	33.37	14.33	19.70	18.94	36.64	16.45	63.51	20.11	18.58	59.41	9.02	36.51	0.74	5.06	0.75	0.15	0.03	
0.00	214.24	58.21	65.76	1977.91	1330.07	207.42	79.66	15.62	12.86	34.42	17.49	7.99	151.24	106.91	19.24	46.84	20.07	31.32	1.09	3.27	0.33	0.06	0.04	
0.00	80.92	66.56	46.17	796.80	690.10	206.92	16.02	20.61	10.63	32.52	12.34	5.88	72.72	60.34	28.37	34.30	10.32	23.00	1.40	3.73	0.40	0.03	0.06	
0.00	58.20	35.90	24.17	459.69	500.64	70.58	23.29	15.38	5.09	18.25	20.03	9.57	42.27	26.83	10.81	9.29	6.57	17.86	0.67	3.62	0.54	0.01	0.04	
0.00	141.16	90.74	34.56	802.47	637.18	159.21	26.16	16.17	5.87	33.59	76.72	29.97	76.29	63.26	14.37	10.44	8.87	15.17	0.82	3.57	1.08	0.01	0.02	
0.00	46.18	41.51	32.12	1002.34	867.64	70.59	36.80	7.96	3.70	12.27	10.41	4.33	79.15	35.07	14.78	8.24	6.03	13.96	1.91	4.32	0.34	0.01	0.08	
0.00	49.51	28.19	11.19	202.13	159.27	46.74	8.28	7.06	3.47	7.22	3.68	2.24	41.45	29.76	6.52	9.90	9.40	12.08	0.98	4.93	0.85	0.00	0.06	
0.00	78.72	31.72	32.77	151.55	187.14	47.01	7.81	5.17	2.39	30.89	11.97	8.78	52.37	33.39	14.88	10.39	14.33	10.77	2.06	4.93	1.25	0.01	0.12	
0.00	110.79	42.56	34.46	1133.04	791.30	174.87	30.11	19.06	4.28	11.37	6.10	3.60	42.23	26.28	10.61	10.77	3.51	11.18	0.81	4.72	0.41	0.01	0.04	
0.00	68.17	60.34	53.03	292.41	216.19	303.05	14.11	5.00	2.73	10.47	38.84	8.09	58.44	13.64	14.20	11.97	156.04	12.74	19.99	4.56	7.89	0.00	1.44	
0.00	19.93	19.06	8.07	178.04	177.12	13.66	9.50	3.77	3.48	5.53	5.51	1.74	27.34	13.13	9.42	11.79	6.25	14.31	0.72	5.03	0.32	0.01	0.05	
0.00	128.51	51.89	34.43	1182.94	829.20	279.76	31.01	22.80	6.36	25.52	24.24	8.87	59.39	32.24	5.61	12.40	5.98	15.75	0.74	5.41	0.60	0.01	0.02	
0.00	55.07	16.25	14.95	239.60	193.81	87.30	8.79	4.85	3.62	11.64	14.47	5.60	31.53	15.51	7.96	13.23	2.37	16.62	0.38	5.26	0.42	0.01	0.02	
0.00	44.41	22.64	15.66	67.31	141.62	30.87	6.14	3.43	3.97	7.86	5.20	2.57	39.96	14.93	7.29	13.55	3.05	16.66	0.60	5.12	0.25	0.01	0.03	
0.00	30.64	15.25	19.23	86.07	141.37	59.31	5.48	3.69	3.95	15.10	1.78	1.47	25.58	15.40	5.91	12.73	3.13	16.71	0.77	5.13	0.23	0.01	0.04	
0.00	59.59	19.01	24.90	88.85	225.03	84.03	5.97	5.10	4.10	27.98	16.72	7.09	36.67	10.58	8.56	11.11	5.64	16.71	0.66	5.22	0.33	0.00	0.04	
0.00	13.88	5.01	5.48	40.87	83.08	37.62	5.28	3.60	4.08	2.56	3.65	1.68	18.04	7.85	4.13	10.29	2.23	16.82	0.10	5.36	0.14	0.00	0.01	
0.00	12.38	5.95	10.09	16.81	150.10	41.44	6.02	3.77	3.71	6.32	2.16	0.98	15.75	8.24	3.17	10.39	3.06	17.15	0.33	5.50	0.11	0.00	0.02	
0.00	14.08	9.08	5.94	50.05	110.86	27.99	5.34	4.80	3.80	5.65	3.37	1.40	24.04	9.99	5.39	9.42	3.43	17.46	0.32	5.82	0.17	0.00	0.02	
0.00	12.65	5.76	3.60	23.25	98.02	19.82	5.85	4.26	3.44	3.70	3.29	2.01	19.33	9.18	2.89	9.00	2.42	17.80	0.16	6.03	0.18	0.00	0.01	
0.00	18.23	11.55	12.93	32.99	115.12	68.50	4.91	4.12	3.09	11.88	1.78	3.28	20.05	12.78	2.93	8.58	7.99	18.44	1.51	5.76	0.64	0.00	0.09	
0.00	6.53	9.63	10.09	19.75	90.14	58.32	5.74	4.05	3.03	3.74	1.15	0.91	16.75	12.99	4.58	8.39	2.85	19.06	0.39	5.76	0.19	0.00	0.03	
0.00	17.39	11.63	9.73	43.67	111.37	41.34	8.79	3.80	2.41	8.55	7.43	2.89	16.74	11.63	5.40	8.73	2.45	19.44	0.13	6.13	0.11	0.00	0.01	
0.00	32.25	12.91	12.24	28.40	171.06	44.17	10.90	3.88	1.39	16.35	6.81	2.24	23.17	13.83	7.24	9.18	3.65	19.72	0.31	6.35	0.15	0.00	0.01	
0.00	19.92	9.23	10.25	32.86	112.48	44.06	10.02	1.81	1.88	4.52	3.93	1.17	25.36	10.83	9.18	9.34	1.05	20.27	0.14	6.08	0.07	0.00	0.00	
0.00	43.01	10.94	11.33	63.89	95.02	33.78	10.45	2.80	2.28	4.53	3.02	2.03	48.69	6.58	5.31	8.59	1.66	20.55	0.17	6.20	0.19	0.00	0.01	
0.00	45.28	8.82	13.02	58.66	107.92	31.67	11.81	3.71	2.33	4.81	1.72	1.22	52.20	12.37	3.58	8.82	1.98	21.49	0.23	6.18	0.07	0.00	0.01	
0.00	68.18	23.14	31.41	88.58	155.37	79.06	14.30	4.99	2.42	21.02	16.98	7.30	52.32	13.42	6.82	9.76	4.33	22.32	0.21	6.25	0.27	0.00	0.01	
0.00	35.46	13.31	15.91	148.30	142.84	78.89	16.40	4.91	3.92	5.80	3.64	1.91	29.62	10.90	4.27	11.84	2.55	22.87	0.28	6.11	0.13	0.00	0.01	
0.00	66.88	25.11	14.12	622.19	498.32	206.87	33.78	7.32	10.18	26.97	12.41	3.40	71.31	22.22	3.75	11.53	9.22	23.18	0.85	5.82	0.12	0.01	0.02	
0.00	208.96	101.46	52.41	1732.93	1150.01	487.37	35.01	38.19	8.07	15.45	15.37	1.89	84.47	23.02	7.39	16.63	6.45	23.24	0.79	6.37	0.21	0.01	0.02	
0.00	56.72	32.86	22.32	1277.47	872.53	274.23	46.95	10.61	8.73	34.74	17.39	4.79	69.07	44.05	11.48	21.51	10.21	23.32	0.75	5.92	0.21	0.00	0.02	
0.00	69.67	30.41	23.12	189.12	113.56	35.84	20.24	7.23	9.16	13.72	11.34	5.03	54.62	14.40	9.68	24.64	3.73	23.65	0.95	5.73	0.35	0.01	0.04	
0.00	53.28	116.39	36.14	151.79	158.75	158.41	24.57	11.10	11.77	18.72	103.64	56.99	37.46	17.04	5.85	29.91	13.83	24.54	1.51	4.77	2.90	0.00	0.02	
0.00	119.70	44.77	23.59	298.08	246.91	102.86	22.94	26.18	13.47	24.58	12.03	2.33	71.36	13.17	7.16	35.62	7.37	25.63	0.74	4.49	1.14	0.00	0.03	
0.00	47.92	63.90	22.74	129.61	106.34	62.15	28.44	7.05	15.02	23.15	40.35	21.04	47.22	15.37	18.94	36.66	9.23	25.60	0.57	4.87	0.94	0.00	0.03	
0.00	58.79	65.39	25.92	339.31	269.57	84.36	26.63	17.58	17.80	12.91	6.42	4.58	54.08	30.78	25.62	36.47	4.55	24.61	0.60	5.14	0.25	0.01	0.03	
0.00	122.45	59.78	33.73	807.75	603.94	404.51	40.76	31.32	17.87	13.31	13.32	2.77	40.54	21.19	4.54	35.08	7.21	23.10	1.87	5.18	0.26	0.00	0.03	
0.00	96.89	16.59	18.26	467.95	383.87	100.35	39.11	17.84	14.72	25.02	7.20	2.23	100.33	11.46	6.67	32.95	9.93	20.67	8.89	5.56	0.83	0.00	0.02	
0.00	53.69	16.34	15.11	76.31	130.88	63.88	29.65	14.11	14.22	8.51	6.05	1.74	61.40	20.58	14.00	26.21	5.44	18.19	17.89	4.76	1.39	0.01	0.03	
0.00	39.13	9.85	20.20	116.85	66.68	42.55	27.22	14.15	12.11	17.05	8.83	5.19	46.23	17.31	19.15	21.25	8.09	15.80	27.45	4.18	2.68	0.01	0.05	
0.00	22.16	11.45	22.02	93.42	157.99	55.71	21.66	17.40	11.08	27.02	12.87	6.02	40.36	19.22	11.20	17.72	19.19	13.64	34.96	4.11	3.52	0.01	0.03	
0.00	39.52	9.56	16.43	88.95	150.73	33.14	20.28	14.78	9.28	12.68	11.51	7.52	39.35	30.23	12.43	13.20	16.82	11.41	41.26	3.83	4.65	0.01	0.01	
0.00	59.20	18.36	28.46	87.00	67.14	44.53	18.03	13.55	8.03	8.57	11.79	7.31	51.11	34.86	26.56	9.86	18.21	9.62	46.66	3.69	5.89	0.01	0.06	
0.00	47.95	14.85	9.24	130.50	133.05	14.01	21.90	16.84	7.04	10.01	15.21	4.17	53.37	27.17	8.42	8.87	21.89	8.78	50.66	3.41	6.60	0.01	0.01	
0.00	36.69	16.48	15.98	76.92	129.07	45.13	20.26	13.89	6.89	12.98	16.16	4.12	23.61	30.48	11.43	7.87	22.42	8.00	52.41	3.36	7.75	0.02	0.02	
0.00	36.06	16.73	17.80	93.90	34.10	46.03	20.85	13.76	5.84	18.25	19.31	5.95	38.01	35.42	11.44	8.72	24.21	7.38	48.90	3.15	8.51	0.01	0.01	
0.00	42.51	14.29	11.43	84.29	78.80	53.70	19.78	17.27	5.50	11.00	18.07	5.61	43.86	32.72	9.00	10.67	21.34	6.96	43.01	3.43	8.60	0.01	0.06	
0.00	35.08	17.97	15.58	56.49	80.11	48.11	21.06	14.15	6.58	12.22	15.11	5.12	28.42	37.32	3.43	11.41	24.24	6.89	34.78	4.24	7.49	0.01	0.02	
0.00	12.70	15.53	13.22	72.62	82.92	37.58	21.61	11.60	7.75	14.58	15.45	3.46	14.39	25.56	10.31	9.64	23.78	7.25	26.79	4.47	5.63	0.01	0.01	
0.00	32.85	16.43	12.56	67.18	69.46	61.63	23.47	16.20	7.30	11.11	18.52	2.86	28.12	17.67	9.75	8.23	18.70	6.83	20.37	3.40	4.79	0.03	0.00	
0.00	45.36	18.52	11.99	98.34	121.09	46.21	19.65	6.72	5.94	13.74	16.42	3.78	31.32	28.30	5.36	7.82	15.32	5.60	13.65	2.87	4.14	0.01	0.01	
0.00	32.40	16.00	17.42	59.15	108.13	33.51	16.18	6.13	4.06	10.73	13.36	4.69	32.02	24.10	10.05	6.23	11.60	3.81	9.00	1.81	2.83	0.01	0.01	
0.00	27.65	11.91	8.26	78.39	68.38	21.82	15.10	6.01	2.20	11.84	8.30	4.59	38.13	14.58	6.85	6.03	9.97	1.66	9.90	0.67	1.99	0.01	0.00	
0.00	37.75	5.11	5.80	56.01	118.72	22.30	12.38	8.27	1.09	10.28	7.39	4.46	49.49	12.98	3.77	5.13	10.67	0.34	12.13	1.80	2.65	0.01	0.01	
0.00	21.03	13.63	10.31	89.05	51.60	23.44	10.68	8.51	1.27	9.02	5.75	5.31	17.83	17.28	7.53	4.45	12.05	0.44	13.45	1.68	2.95	0.02	0.01	
0.00	14.37	8.63	10.35	58.00	114.72	47.61	9.69	3.90	1.10	8.57	6.63	5.80	24.79	15.37	3.72	5.10	12.60	0.54	13.88	0.62	2.71	0.02	0.00	
0.00	12.17	7.19	5.96	56.33	85.88	27.13	8.31	5.41	0.93	7.56	7.95	6.27	24.09	8.87	4.17	4.06	11.86	0.37	13.91	0.20	2.89	0.01	0.00	
0.00	26.73	9.98	9.71	38.93	41.79	18.80	11.06	4.72	0.99	7.64	9.18	5.68	25.07	10.96	5.96	4.30	11.52	0.31	13.54	0.22	2.96	0.01	0.00	
0.00	36.86	15.12	9.50	80.19	129.40	33.07	12.24	4.29	0.90	5.85	10.55	4.30	41.27	15.22	10.79	4.67	10.46	0.49	12.99	0.28	2.33	0.02	0.01	
0.00	28.33	10.95	10.25	89.37	113.09	43.35	5.52	3.06	0.50	10.23	10.05	4.53	35.28	11.29	13.10	2.70	10.57	0.44	12.37	0.25	1.59	0.02	0.00	
0.00	20.05	12.87	5.89	79.91	102.35	21.57	13.34	6.25	0.69	8.07	8.16	4.59	26.95	8.84	2.41	5.45	11.22	2.87	12.07	2.38	1.68	0.01	0.00	
0.00	27.97	10.50	8.48	139.25	108.94	28.19	11.04	7.02	1.31	11.00	10.65	4.36	27.67	8.35	3.01	3.90	10.42	4.30	12.15	2.30	1.65	0.01	0.00	
0.00	17.57	20.16	10.53	183.36	112.22	29.50	12.14	7.47	0.92	11.09	11.75	3.20	30.11	17.48	15.46	4.06	9.82	5.51	11.99	2.56	1.34	0.01	0.01	
0.00	29.70	86.50	43.10	196.74	113.77	369.59	11.27	19.60	0.94	8.92	18.86	4.53	22.57	39.09	7.70	4.29	8.61	6.75	11.78	2.51	1.25	0.02	0.01	
0.00	75.93	45.61	55.17	199.72	65.29	416.50	21.60	10.03	2.76	11.55	16.71	4.57	45.18	20.68	6.13	7.44	8.18	7.12	11.60	2.58	1.72	0.03	0.01	
0.00	17.49	8.40	6.86	75.81	95.96	33.40	14.35	4.96	0.97	5.73	11.16	5.26	19.95	14.28	4.75	7.75	8.34	7.75	11.16	2.13	2.29	0.01	0.00	
0.00	52.46	41.07	42.32	143.97	80.01	326.60	21.52	10.57	2.68	10.85	20.94	5.72	21.28	17.61	6.00	8.39	8.42	7.88	10.66	2.53	2.80	0.02	0.01	
0.00	58.01	36.12	33.26	204.22	72.92	262.19	26.13	13.09	3.50	17.89	17.19	5.05	30.65	16.95	6.33	8.86	8.94	8.84	10.29	2.88	3.46	0.03	0.02	
0.00	15.45	14.89	17.82	107.36	113.94	106.30	8.09	6.32	3.14	8.13	13.38	5.99	26.57	19.69	3.26	5.92	5.83	8.12	9.80	1.81	3.69	0.02	0.01	
0.00	9.80	9.63	9.00	58.19	52.07	13.85	5.06	1.68	3.66	8.56	13.72	6.44	15.96	14.44	4.20	4.56	6.36	7.04	9.12	1.65	3.99	0.01	0.00	
0.00	51.54	39.07	45.37	178.90	71.85	383.68	9.60	6.84	4.60	14.24	19.69	7.70	32.14	14.67	3.08	4.64	7.41	7.31	8.71	2.07	4.56	0.01	0.01	
0.00	25.36	44.23	27.80	154.44	109.79	177.06	7.14	14.37	4.15	14.39	11.75	6.07	25.09	20.34	3.85	5.00	8.61	7.29	8.43	2.10	5.04	0.01	0.01	
0.00	29.17	24.73	8.98	129.51	91.65	105.95	7.53	4.25	2.97	14.11	23.81	8.93	22.61	13.97	5.17	5.20	8.72	7.20	8.74	1.72	5.55	0.01	0.01	
0.00	19.47	7.47	8.20	110.38	72.66	39.61	9.75	3.49	3.44	8.30	10.03	6.33	18.58	12.10	4.65	6.04	9.10	7.13	9.47	2.21	5.06	0.00	0.01	
0.00	17.84	4.06	6.81	82.39	68.46	21.45	4.12	3.26	2.93	3.67	8.71	4.57	22.37	8.32	4.66	7.05	8.78	7.38	9.98	2.11	3.45	0.00	0.00	
0.00	11.77	8.76	5.66	35.94	54.11	17.42	6.25	8.06	2.03	6.36	8.43	1.35	17.42	6.65	3.41	8.02	8.29	7.99	10.02	1.57	1.43	0.00	0.01	
0.00	23.39	11.38	8.69	81.82	104.85	22.47	7.83	9.82	3.82	6.33	8.72	2.65	31.07	10.96	4.58	7.54	6.90	8.71	9.98	2.00	3.12	0.01	0.01	
