gaitPhase	pelvis_tilt_moment	pelvis_list_moment	pelvis_rotation_moment	pelvis_tx_force	pelvis_ty_force	pelvis_tz_force	hip_flexion_r_moment	hip_adduction_r_moment	hip_rotation_r_moment	hip_flexion_l_moment	hip_adduction_l_moment	hip_rotation_l_moment	lumbar_extension_moment	lumbar_bending_moment	lumbar_rotation_moment	knee_angle_r_moment	knee_angle_l_moment	ankle_angle_r_moment	ankle_angle_l_moment	subtalar_angle_r_moment	subtalar_angle_l_moment	mtp_angle_r_moment	mtp_angle_l_moment	
1.00	-29.64	0.81	-24.85	47.47	82.85	-100.85	-43.83	-4.63	-3.09	20.71	-38.98	-1.60	18.89	36.74	6.54	-47.00	-35.71	-3.10	-104.74	-0.51	7.20	-0.04	0.03	
2.00	-48.14	-39.22	-25.18	-28.43	79.85	47.11	-64.11	-23.22	1.04	28.13	-34.88	-1.77	19.09	25.49	2.40	-42.51	-31.96	-4.62	-104.98	-1.30	6.91	-0.13	0.03	
3.00	-34.79	-34.77	-13.54	-55.95	-75.30	89.24	-74.10	-12.58	1.69	27.25	-28.73	-1.47	30.37	12.07	0.43	-39.18	-28.88	-1.99	-104.67	-2.64	6.89	-0.03	0.03	
4.00	27.18	-3.61	-2.71	6.12	-88.01	6.05	-28.71	12.63	0.91	35.51	-27.69	-1.86	33.17	11.25	-4.33	-17.42	-24.17	2.63	-103.34	-1.27	6.51	0.06	0.03	
5.00	19.41	1.44	3.96	-14.64	-74.24	38.77	-41.61	10.25	3.52	35.35	-24.25	-2.27	42.94	11.78	-2.99	-18.48	-19.91	4.45	-101.15	0.06	5.85	0.02	0.02	
6.00	-6.96	1.72	-1.69	-58.54	-143.51	33.52	-74.70	3.49	6.97	37.11	-21.73	-2.91	44.93	9.31	-4.77	-27.11	-15.24	6.54	-96.99	1.79	4.74	0.02	0.03	
7.00	-1.80	-2.50	0.32	-53.65	-93.99	-8.17	-68.36	-11.68	9.80	36.52	-20.33	-3.31	46.32	13.29	0.45	-21.34	-10.46	9.04	-91.09	3.60	3.35	0.08	0.03	
8.00	-20.63	-16.31	3.71	-46.51	64.59	-8.38	-64.71	-17.19	14.00	31.68	-16.45	-4.00	42.09	10.72	-0.53	-18.48	-7.05	10.84	-83.28	5.51	1.92	0.22	0.03	
9.00	-29.23	0.33	14.43	13.43	52.18	-17.67	-74.50	-9.13	16.41	35.60	-12.32	-4.85	34.02	6.03	5.48	-21.45	-1.55	5.57	-73.16	7.20	0.63	0.15	0.03	
10.00	-8.35	7.20	17.39	48.74	-48.93	-37.60	-62.54	-13.02	15.84	34.43	-11.61	-5.12	30.63	-2.61	7.37	-7.45	1.74	-0.50	-61.05	6.57	-0.30	0.07	0.04	
11.00	8.62	-2.79	11.48	98.15	-132.84	-57.91	-62.76	-33.72	17.43	29.61	-8.20	-5.00	43.29	-11.05	6.79	9.90	3.66	-5.46	-47.67	4.75	-0.70	0.04	0.05	
12.00	-11.51	0.49	10.01	45.51	-130.77	-13.79	-85.91	-32.16	19.87	31.72	-6.30	-5.01	46.50	-17.27	8.31	13.39	5.83	-9.34	-34.04	3.67	-0.74	0.04	0.07	
13.00	-7.23	-12.01	14.26	-12.79	-164.83	-2.09	-81.35	-29.02	20.40	25.30	1.54	-5.11	47.81	-30.07	3.96	21.26	6.24	-12.25	-21.73	2.65	-0.61	0.03	0.08	
14.00	-8.21	-12.72	14.18	1.77	-97.94	-22.68	-70.52	-34.95	20.43	20.53	2.66	-4.32	44.94	-29.94	5.84	24.06	4.85	-15.09	-11.77	1.91	-0.58	0.03	0.09	
15.00	-25.20	-15.19	8.76	11.08	-41.81	-42.60	-64.36	-46.91	20.90	13.99	-0.43	-1.75	33.45	-27.80	5.55	24.14	3.93	-18.46	-4.54	1.53	-0.67	0.03	0.09	
16.00	-28.90	-20.46	9.07	-12.66	-23.41	-52.97	-63.01	-57.88	21.33	9.59	-1.03	-0.57	32.77	-29.52	6.21	22.64	2.07	-22.25	0.10	1.31	-0.47	0.04	0.11	
17.00	-22.93	-20.42	8.07	-20.35	31.61	-84.93	-57.08	-60.66	20.61	8.72	-0.41	-0.28	37.71	-32.36	4.81	20.56	2.92	-26.16	2.63	1.06	-0.12	0.04	0.13	
18.00	-22.62	-16.90	10.61	16.01	76.39	-79.93	-54.79	-60.53	19.76	14.64	1.36	-1.18	34.77	-33.22	5.59	18.29	3.84	-29.73	2.99	0.50	-0.02	0.04	0.13	
19.00	-13.54	-15.33	7.51	-9.40	7.13	-52.96	-55.07	-58.11	18.68	15.52	0.33	-1.33	36.42	-33.87	-0.41	15.70	4.38	-32.91	3.31	-0.18	-0.02	0.03	0.15	
20.00	-38.36	-13.48	9.70	59.82	21.53	-44.53	-55.12	-57.93	18.09	13.80	-2.74	-0.96	21.32	-32.84	1.20	14.23	4.93	-35.61	2.57	-1.06	0.12	0.03	0.11	
21.00	-10.63	-20.55	4.13	2.86	-12.30	-11.59	-54.25	-59.10	17.11	14.40	-1.53	-1.52	41.16	-30.17	-5.31	11.83	5.71	-37.95	1.74	-1.93	0.18	0.03	0.07	
22.00	-8.98	-12.08	-2.57	49.60	-44.19	-37.86	-46.23	-60.00	15.64	19.84	-2.66	-1.76	26.45	-18.79	-4.55	9.72	6.85	-39.87	1.16	-2.81	0.23	0.03	0.04	
23.00	-2.77	-15.37	-0.98	13.75	-65.18	-14.08	-41.61	-61.31	14.03	12.12	-0.06	-2.46	32.67	-14.43	-6.82	6.34	4.95	-41.62	0.84	-3.67	0.16	0.03	0.03	
24.00	-39.80	58.80	-48.14	-99.16	96.40	-396.97	-44.30	-36.33	13.87	13.27	-11.60	-0.83	23.92	18.08	-6.84	2.81	5.84	-43.22	0.85	-4.28	0.03	0.03	0.02	
25.00	28.30	-45.27	31.49	163.43	-116.38	315.80	-24.76	-63.97	8.87	15.95	3.84	-1.01	34.81	-28.77	-6.72	0.03	5.83	-44.58	0.94	-4.91	-0.18	0.03	0.02	
26.00	-18.52	-6.10	-3.02	9.44	-21.00	-3.85	-30.68	-50.97	8.64	8.02	-2.25	-0.68	19.01	-11.01	-10.91	-4.31	3.72	-45.75	0.90	-5.81	-0.13	0.03	0.03	
27.00	-20.39	6.08	-6.96	13.36	58.91	-47.51	-29.73	-47.18	7.31	6.03	-5.25	0.60	25.16	-6.66	-8.84	-7.99	2.66	-46.84	0.96	-6.45	-0.22	0.03	0.03	
28.00	-6.06	-38.15	20.30	51.81	-66.22	202.74	-20.04	-57.18	4.34	8.72	0.24	0.39	12.74	-26.95	-9.59	-11.16	3.25	-47.79	1.07	-7.05	-0.24	0.03	0.04	
29.00	-31.14	-4.81	-0.84	-11.63	13.54	-28.06	-25.01	-49.62	4.31	2.13	-6.75	1.46	10.46	-13.27	-8.60	-15.64	1.58	-48.76	0.91	-7.79	-0.24	0.03	0.03	
30.00	-15.88	5.27	-8.78	4.29	18.48	-73.12	-18.98	-43.70	2.97	3.93	-6.25	1.08	16.89	-5.18	-9.54	-17.21	1.65	-49.74	0.88	-8.30	-0.24	0.03	0.03	
31.00	-15.69	-16.86	17.27	6.91	-51.46	115.63	-16.66	-49.01	0.94	3.28	-3.56	1.25	8.32	-18.41	-4.57	-20.89	1.88	-50.82	0.92	-8.78	-0.28	0.03	0.03	
32.00	-16.01	-4.77	4.82	28.62	-13.61	7.56	-14.24	-44.99	0.32	1.41	-4.83	1.46	11.28	-11.36	-6.34	-22.46	0.62	-51.94	0.92	-9.41	-0.23	0.03	0.03	
33.00	-16.57	-9.26	8.22	-3.50	-35.08	40.36	-13.99	-47.71	-1.11	2.48	-4.16	1.19	7.75	-11.73	-4.62	-25.64	1.27	-53.27	0.95	-10.01	-0.25	0.03	0.03	
34.00	-27.35	17.91	-11.47	-16.55	30.74	-115.73	-17.55	-39.13	-1.04	0.26	-8.07	2.09	9.15	0.22	-7.14	-28.78	0.77	-54.70	1.05	-10.59	-0.22	0.03	0.04	
35.00	0.59	-26.24	21.26	28.23	-132.29	169.73	-3.96	-51.16	-4.46	1.88	-2.35	1.82	5.74	-18.29	-3.67	-28.29	0.44	-56.25	1.20	-11.16	-0.26	0.03	0.05	
36.00	-36.40	27.67	-16.17	-35.03	41.50	-172.24	-15.29	-35.10	-2.79	-3.39	-8.87	2.27	3.52	2.89	-6.02	-32.75	-1.12	-58.11	1.19	-11.82	-0.21	0.03	0.05	
37.00	-9.76	4.50	2.14	-3.12	-15.10	1.45	-6.01	-43.29	-4.76	1.46	-6.49	1.95	10.16	-4.99	-3.40	-32.70	-0.71	-60.13	1.44	-12.50	-0.29	0.03	0.06	
38.00	-11.00	-5.02	9.18	21.21	-74.33	46.19	-4.03	-44.27	-5.94	0.44	-3.13	1.31	2.58	-11.03	-2.28	-34.70	-1.56	-62.43	1.51	-13.16	-0.26	0.03	0.06	
39.00	-26.75	7.07	-1.52	-27.18	17.00	-59.89	-8.28	-44.12	-5.85	-2.27	-6.28	1.95	5.13	-7.42	-3.14	-37.53	-2.18	-65.02	1.60	-13.99	-0.21	0.03	0.07	
40.00	-17.20	18.27	-6.46	-19.73	5.83	-119.31	-4.07	-40.58	-6.15	-1.37	-7.82	1.72	7.18	-3.03	-2.33	-38.20	-2.02	-67.79	1.82	-14.74	-0.22	0.03	0.08	
41.00	-3.27	-15.97	19.06	13.42	-69.87	102.28	2.58	-50.56	-8.60	-1.74	-5.45	2.12	9.60	-20.55	-1.19	-39.93	-3.21	-70.70	1.99	-15.50	-0.25	0.03	0.09	
42.00	-29.70	33.49	-22.14	-58.64	26.54	-245.88	-6.83	-36.32	-6.17	-8.27	-7.58	1.31	7.50	2.79	-4.28	-43.54	-5.96	-74.05	1.99	-16.10	-0.06	0.03	0.10	
43.00	12.84	-38.08	32.75	28.07	-122.08	230.56	11.88	-56.16	-10.60	-5.49	2.23	0.16	17.03	-28.52	-1.29	-42.57	-6.59	-77.24	2.04	-16.99	-0.23	0.03	0.10	
44.00	-18.18	-9.12	7.28	-24.43	-44.84	-11.94	2.93	-47.78	-9.48	-13.33	1.83	-0.01	10.17	-19.83	-3.38	-47.04	-10.27	-80.80	1.97	-17.73	-0.14	0.03	0.10	
45.00	-14.17	-26.07	17.65	-10.31	-45.86	97.65	8.54	-51.00	-10.87	-15.77	8.16	-1.15	12.44	-28.50	-4.45	-47.49	-13.11	-84.23	1.76	-18.91	-0.15	0.03	0.10	
46.00	-20.14	-16.85	6.08	-25.65	15.07	-0.00	7.86	-50.29	-11.14	-19.11	10.32	-1.44	16.78	-24.26	-4.74	-48.47	-15.79	-87.63	1.47	-20.12	-0.10	0.03	0.09	
47.00	-17.75	-25.53	3.53	-0.59	12.00	17.48	11.93	-52.37	-12.16	-21.75	14.41	-1.84	17.96	-27.60	-7.45	-48.49	-19.47	-90.97	0.95	-21.26	-0.04	0.03	0.07	
48.00	-15.94	-29.63	-0.76	12.36	8.52	5.35	15.70	-51.08	-12.72	-26.08	19.33	-2.26	19.65	-28.49	-7.31	-47.48	-25.04	-93.97	0.11	-22.41	0.14	0.03	0.05	
49.00	-13.91	-28.21	-2.67	37.41	21.35	7.63	17.56	-52.10	-12.66	-27.51	17.62	-1.84	20.83	-28.88	-7.77	-46.58	-30.37	-96.49	-0.75	-23.47	0.27	0.03	0.03	
50.00	-8.47	-16.03	-1.43	41.41	21.05	4.41	22.49	-52.52	-12.35	-29.99	9.54	-0.65	20.08	-26.67	-7.34	-43.66	-34.83	-98.23	-1.67	-24.50	0.21	0.03	-0.00	
51.00	-15.63	4.19	5.38	19.18	47.80	-24.43	27.00	-52.84	-11.42	-33.82	-0.25	0.41	15.29	-22.96	-3.50	-39.70	-35.17	-99.32	-2.13	-25.21	0.02	0.03	-0.03	
52.00	-17.59	19.06	7.26	16.21	55.70	-67.92	30.68	-48.25	-10.89	-38.53	-3.11	0.92	16.47	-18.31	-0.49	-36.26	-32.03	-99.48	-2.07	-25.58	0.29	0.03	-0.03	
53.00	7.50	12.46	5.99	3.05	-74.11	-60.83	37.17	-46.31	-10.29	-42.90	1.38	1.27	28.63	-9.71	2.86	-30.54	-28.13	-98.84	-1.04	-25.93	0.97	0.03	-0.00	
54.00	29.47	5.08	-0.80	-11.58	-132.76	-64.88	36.16	-40.48	-10.10	-39.24	3.43	2.35	42.55	-7.43	4.85	-26.93	-21.23	-97.22	0.56	-26.04	2.35	0.03	0.01	
55.00	13.56	-8.53	3.29	-44.62	-97.84	-44.84	39.39	-37.51	-10.12	-49.20	5.12	3.55	42.51	-15.21	5.22	-21.07	-21.24	-94.30	2.07	-26.22	4.58	0.03	0.03	
56.00	-8.78	-25.08	-2.14	-86.09	-47.05	-3.58	36.99	-34.84	-10.43	-62.19	13.03	4.86	42.96	-15.12	0.76	-16.97	-25.81	-89.94	2.62	-26.04	7.75	0.02	0.07	
57.00	-27.55	-25.71	-7.13	-94.10	-17.30	9.44	35.85	-28.11	-11.00	-68.30	13.27	7.28	35.43	-16.92	-2.98	-12.74	-26.81	-83.86	1.60	-25.34	11.14	0.02	0.12	
58.00	-30.35	-38.63	-3.76	-41.24	11.00	100.30	37.21	-26.92	-11.55	-66.70	19.68	7.61	30.41	-12.47	-3.44	-7.94	-24.35	-75.78	-2.39	-23.78	14.24	0.02	0.14	
59.00	-39.86	-26.04	-12.80	-25.83	13.23	62.15	34.38	-19.48	-11.90	-66.79	12.16	8.01	20.94	-1.94	-4.68	-4.56	-20.17	-65.76	-8.14	-21.25	15.72	0.03	0.11	
60.00	-0.36	-42.85	-1.44	79.80	-87.26	171.47	39.74	-17.40	-12.33	-64.82	4.59	8.51	37.25	-3.02	-7.56	-0.42	-12.38	-53.74	-13.91	-17.66	15.37	0.05	0.06	
61.00	-19.20	-5.72	-15.84	14.02	-175.74	3.10	28.45	-4.20	-10.93	-80.26	-11.87	10.22	35.33	17.79	-5.67	-0.06	-7.24	-41.11	-18.24	-13.50	14.23	0.07	0.03	
62.00	-9.92	9.42	-26.89	-7.67	-157.35	-101.25	19.90	6.28	-9.17	-86.91	-15.31	10.33	55.74	30.42	-9.64	-0.95	-3.34	-28.71	-21.47	-9.30	13.19	0.10	0.03	
63.00	-22.29	-0.24	-17.84	-28.75	-155.41	-34.33	16.32	2.09	-7.15	-83.05	-17.12	10.53	42.20	30.52	-9.02	-0.28	-1.17	-17.96	-24.79	-5.86	12.72	0.12	0.03	
64.00	-17.57	-17.72	-2.54	5.98	-88.07	135.36	19.10	0.28	-6.28	-71.88	-17.49	11.00	37.86	22.62	-10.02	1.54	-0.58	-9.86	-28.45	-3.35	13.03	0.11	0.03	
65.00	-38.22	13.85	-27.63	-24.01	1.04	-58.21	15.88	7.56	-3.22	-72.66	-27.10	12.77	28.70	35.13	-12.00	3.03	-2.93	-3.96	-32.94	-1.90	14.01	0.10	0.03	
66.00	-37.66	3.32	-17.21	14.66	15.25	-2.55	14.65	5.00	-2.14	-69.56	-27.41	12.83	28.82	30.46	-7.11	4.18	-5.33	0.07	-37.65	-0.67	15.01	0.09	0.04	
67.00	-33.33	-20.94	-0.98	-19.83	4.88	160.59	15.59	-7.14	-1.75	-65.01	-27.35	11.75	28.30	28.85	-5.30	5.39	-7.40	2.14	-42.17	0.01	15.63	0.11	0.03	
68.00	-27.24	3.40	-10.15	34.41	24.58	43.78	18.60	-0.69	-2.28	-61.92	-32.66	11.34	27.16	40.06	0.40	5.59	-9.79	3.47	-46.21	0.07	15.82	0.15	0.03	
69.00	-9.88	7.57	-9.39	18.96	-17.65	9.38	22.34	0.05	-2.94	-62.34	-34.36	10.94	36.76	41.09	0.69	7.37	-12.65	3.03	-49.68	0.20	15.55	0.13	0.03	
70.00	-0.79	-29.67	20.06	86.63	-64.79	254.10	25.02	-9.68	-4.16	-54.61	-28.64	9.64	33.68	22.32	3.98	7.63	-14.24	1.70	-52.67	0.35	14.93	0.06	0.03	
71.00	19.15	-12.38	14.58	57.26	-90.42	162.01	26.44	-3.39	-4.68	-51.38	-32.49	9.47	44.94	24.28	6.40	8.45	-16.13	1.08	-55.30	0.32	14.21	0.03	0.03	
72.00	24.97	-13.56	22.38	95.73	-61.13	218.48	24.17	-3.15	-4.82	-42.03	-33.18	8.43	48.54	22.55	8.77	8.27	-16.21	0.57	-57.68	0.54	13.29	0.01	0.03	
73.00	-32.29	105.40	-75.12	-91.11	69.99	-646.57	7.53	30.13	-2.01	-53.04	-55.54	11.18	31.49	63.14	7.16	6.71	-20.18	0.84	-60.00	0.07	12.76	0.02	0.03	
74.00	-1.77	-31.87	15.98	77.47	-40.84	159.60	12.49	-7.82	-1.42	-39.95	-29.77	6.90	35.46	9.03	7.06	5.48	-22.34	0.70	-62.02	0.06	12.25	0.02	0.03	
75.00	-26.22	16.67	-13.18	-27.54	-4.06	-98.44	8.29	5.47	-2.13	-38.06	-40.00	7.39	19.78	26.30	10.66	5.30	-24.00	0.85	-63.91	0.12	11.99	0.03	0.03	
76.00	-26.71	12.30	-18.29	15.13	17.45	-129.27	6.11	3.14	-0.28	-33.16	-38.87	6.61	17.42	24.52	8.91	4.46	-26.76	0.90	-65.71	-0.05	11.87	0.03	0.03	
77.00	-35.28	-4.21	-5.15	7.24	6.37	-12.88	7.33	-2.86	-0.29	-36.32	-34.29	5.46	12.22	18.51	8.87	4.48	-29.43	0.97	-67.43	-0.03	11.73	0.03	0.03	
78.00	-26.26	-10.26	-6.65	17.02	-0.76	-12.94	5.73	-4.70	0.67	-26.57	-34.31	4.54	11.53	15.38	7.11	3.49	-30.82	0.93	-68.96	-0.10	11.60	0.03	0.03	
79.00	-23.12	-7.70	-7.81	24.17	18.86	-29.76	6.15	-5.28	1.07	-25.52	-34.48	3.88	14.30	16.28	7.62	3.38	-32.80	1.10	-70.35	-0.14	11.40	0.04	0.03	
80.00	-20.77	-12.73	-8.84	-6.35	-26.02	-19.87	3.20	-5.20	0.83	-23.32	-32.62	2.99	13.50	12.98	4.27	2.08	-34.65	0.93	-71.74	-0.20	11.23	0.03	0.03	
81.00	-12.37	-13.22	-8.06	13.69	-17.03	-13.99	3.66	-6.54	1.63	-17.05	-32.19	2.18	15.15	13.16	4.51	1.99	-35.71	1.12	-73.03	-0.25	11.02	0.04	0.03	
82.00	-17.62	-17.65	-7.08	12.30	-14.88	-7.87	2.65	-8.21	2.84	-18.31	-30.51	1.37	14.31	11.74	4.23	3.04	-37.70	1.06	-74.37	-0.22	10.89	0.03	0.03	
83.00	-14.01	-13.88	-6.54	-22.29	-29.46	-19.47	4.30	-3.52	0.21	-16.59	-30.58	1.00	12.75	9.14	4.13	1.88	-38.99	1.39	-75.79	-0.23	10.82	0.05	0.03	
84.00	-17.58	-20.81	-6.36	-16.45	-16.93	-5.52	-0.31	-8.49	3.35	-13.72	-29.78	0.33	13.39	9.01	3.97	2.30	-39.83	0.96	-77.31	-0.29	10.80	0.03	0.03	
85.00	-5.75	-12.35	-4.66	14.00	-35.95	-12.53	1.45	-2.07	0.43	-11.03	-30.00	0.07	16.84	7.87	4.48	-0.73	-40.64	1.40	-78.91	-0.24	10.82	0.06	0.03	
86.00	-12.57	-6.42	-7.79	-12.73	-35.05	-25.03	0.59	-2.27	-0.18	-10.53	-31.05	-0.36	12.96	12.18	5.17	1.07	-41.33	1.41	-80.68	-0.23	10.87	0.05	0.03	
87.00	-16.21	-12.89	-5.42	5.99	-34.77	-5.80	0.64	-4.31	1.55	-8.75	-30.51	-0.59	8.02	10.92	4.80	-0.14	-41.93	1.58	-82.57	-0.22	10.94	0.06	0.03	
88.00	-16.44	-9.94	-5.13	-7.79	-20.39	-4.11	-0.12	-3.55	1.17	-7.99	-31.46	-0.98	10.27	12.45	5.67	-0.82	-42.69	1.65	-84.47	-0.16	10.99	0.07	0.03	
89.00	-10.21	-5.97	-7.64	-11.26	-22.43	-11.44	1.13	-1.35	0.14	-6.10	-31.98	-1.06	13.28	14.90	4.11	-1.02	-42.89	1.85	-86.42	-0.15	11.03	0.07	0.03	
90.00	-14.38	-3.66	-8.91	2.31	-24.31	-11.39	1.39	-1.31	0.02	-4.29	-33.20	-1.20	8.44	17.26	4.51	-0.88	-43.29	2.18	-88.35	-0.08	11.02	0.09	0.03	
91.00	-2.73	-4.31	-5.26	-6.50	-39.54	2.46	1.14	2.14	-0.90	-1.02	-32.21	-1.55	13.90	15.34	4.37	-2.94	-43.44	2.35	-90.17	0.05	10.92	0.10	0.03	
92.00	1.47	2.16	-6.90	-6.83	-36.82	-13.43	-0.98	4.20	-0.77	-1.14	-34.42	-1.40	20.60	17.38	3.77	-5.05	-43.61	2.53	-92.02	0.13	10.73	0.12	0.03	
93.00	-0.19	2.30	-4.15	-15.33	-59.44	4.77	-7.97	4.85	-0.58	4.15	-34.16	-1.86	17.74	18.34	6.62	-8.97	-43.67	2.45	-93.79	0.16	10.45	0.12	0.03	
94.00	-11.04	3.07	-8.74	-17.49	-32.68	-3.94	-13.35	4.97	-0.56	4.06	-34.73	-1.96	16.71	21.82	5.34	-11.90	-43.91	2.33	-95.56	0.08	10.08	0.12	0.03	
95.00	-3.69	-0.15	-1.73	-18.57	-33.31	31.42	-15.99	5.57	-0.62	7.21	-32.86	-2.60	21.28	21.98	7.56	-14.26	-44.04	2.10	-97.36	0.03	9.66	0.12	0.03	
96.00	-19.41	-8.82	-0.82	-15.62	31.86	74.29	-25.41	4.08	0.04	10.60	-31.03	-3.34	19.12	23.63	7.56	-19.24	-43.31	1.56	-98.95	-0.09	9.19	0.10	0.04	
97.00	-25.86	-9.98	-2.27	-14.50	55.34	69.66	-33.49	2.28	0.68	12.54	-32.59	-3.64	21.40	26.33	8.09	-24.26	-42.70	0.77	-100.83	-0.29	8.57	0.07	0.03	
98.00	-19.23	8.00	-6.66	7.24	44.43	-0.07	-39.53	7.02	-0.28	16.67	-35.67	-3.43	26.60	31.46	9.21	-32.23	-40.89	0.23	-102.10	-0.11	7.93	0.07	0.03	
99.00	-21.87	19.18	-16.98	27.58	-21.95	-95.30	-48.86	7.92	-2.37	17.88	-39.07	-2.59	23.29	34.64	8.86	-46.04	-38.67	-1.73	-103.28	-0.12	7.31	0.02	0.03	
100.00	-33.89	1.50	-26.19	42.57	100.96	-103.93	-43.43	-6.17	-3.05	18.01	-39.53	-1.72	18.93	38.63	6.39	-46.87	-36.44	-3.03	-104.03	-0.62	6.91	-0.04	0.03	
