gaitPhase	pelvis_tilt_moment	pelvis_list_moment	pelvis_rotation_moment	pelvis_tx_force	pelvis_ty_force	pelvis_tz_force	hip_flexion_r_moment	hip_adduction_r_moment	hip_rotation_r_moment	hip_flexion_l_moment	hip_adduction_l_moment	hip_rotation_l_moment	lumbar_extension_moment	lumbar_bending_moment	lumbar_rotation_moment	knee_angle_r_moment	knee_angle_l_moment	ankle_angle_r_moment	ankle_angle_l_moment	subtalar_angle_r_moment	subtalar_angle_l_moment	mtp_angle_r_moment	mtp_angle_l_moment	
0.00	22.64	19.20	10.04	55.45	139.07	49.73	9.97	8.65	2.19	6.99	12.28	1.04	21.51	9.72	7.10	5.48	3.89	4.40	0.79	2.66	0.77	0.01	0.02	
0.00	21.15	17.56	9.35	41.06	125.09	45.49	7.72	6.96	2.24	6.83	10.88	1.14	16.46	10.33	6.81	5.30	4.65	4.27	0.99	2.68	0.79	0.01	0.02	
0.00	21.96	15.69	7.15	49.41	122.55	34.20	6.10	5.87	2.17	6.98	8.31	1.28	16.95	7.55	4.97	4.50	6.44	4.22	1.86	2.70	1.16	0.01	0.02	
0.00	13.81	10.87	5.21	39.24	85.43	23.19	6.90	5.33	2.41	5.26	4.89	1.68	12.55	7.72	3.94	4.28	4.79	4.22	1.94	2.64	1.36	0.00	0.01	
0.00	13.83	12.03	7.73	48.26	78.92	25.41	6.26	5.75	2.30	6.98	3.33	1.76	13.19	7.87	4.34	4.39	3.17	4.38	1.74	2.55	1.53	0.00	0.02	
0.00	16.40	12.68	8.63	52.27	86.20	41.39	5.61	5.41	2.33	7.41	5.34	1.67	13.81	7.04	4.31	3.93	3.75	4.61	1.57	2.41	1.58	0.01	0.03	
0.00	19.64	16.34	14.35	76.67	103.36	87.91	7.87	6.98	2.38	8.17	6.40	1.80	15.89	8.78	4.82	3.70	3.95	5.01	2.10	2.26	1.83	0.01	0.02	
0.00	36.63	65.61	50.22	111.56	133.90	425.93	12.22	17.19	2.90	9.67	14.26	2.34	20.34	26.11	4.56	4.43	4.09	5.62	3.12	2.18	2.01	0.01	0.02	
0.00	40.69	76.57	57.58	109.45	155.69	450.44	13.25	22.87	3.14	9.26	15.89	2.66	24.82	32.97	6.97	4.14	5.33	6.24	3.66	2.16	2.33	0.02	0.02	
0.00	63.31	148.60	119.30	160.38	272.73	980.18	21.20	38.70	4.99	16.26	26.12	4.84	25.86	63.74	8.30	5.67	5.82	6.63	3.76	2.30	2.76	0.02	0.02	
0.00	72.48	196.73	148.42	167.50	299.40	1206.39	22.70	53.58	5.18	19.41	33.55	5.00	26.73	84.56	7.05	5.23	6.25	6.29	3.56	2.26	2.96	0.02	0.01	
0.00	52.08	159.70	117.86	134.98	254.86	945.16	14.21	42.92	3.92	12.33	27.16	5.12	28.97	67.83	5.84	4.50	6.41	5.85	4.00	1.94	3.05	0.02	0.01	
0.00	48.09	145.61	107.57	133.03	251.82	884.28	14.33	40.07	3.51	13.38	24.44	4.49	25.24	60.52	6.45	4.68	7.05	4.70	4.52	1.41	3.02	0.01	0.01	
0.00	47.08	135.85	100.92	112.13	195.35	855.04	12.47	37.66	3.09	11.84	24.12	4.52	23.54	52.90	6.36	4.03	7.19	3.92	5.23	0.90	2.94	0.02	0.01	
0.00	43.18	143.95	105.77	135.64	192.95	899.16	12.68	38.23	3.59	12.64	25.13	4.82	21.90	58.86	6.53	4.16	7.95	3.44	5.81	0.98	2.72	0.02	0.01	
0.00	35.89	116.28	84.96	127.10	181.23	730.51	10.46	31.62	3.64	12.05	19.66	4.37	22.28	47.22	8.26	3.62	7.97	1.71	6.40	0.65	2.49	0.02	0.01	
0.00	64.59	142.03	111.20	145.10	200.21	959.61	15.65	40.76	4.09	17.64	23.07	4.73	31.99	54.23	8.46	3.86	7.98	0.90	6.83	0.46	2.39	0.04	0.01	
0.00	76.71	179.11	139.06	210.85	249.89	1184.30	17.53	49.93	4.72	18.78	31.42	4.96	37.23	68.90	10.58	3.71	8.76	0.80	7.08	0.50	2.26	0.04	0.01	
0.00	98.03	207.95	171.91	286.90	304.31	1432.73	24.50	56.77	7.01	24.27	36.28	6.78	38.43	83.87	10.81	4.04	9.30	1.22	7.27	0.74	2.41	0.06	0.01	
0.00	144.84	263.56	215.77	370.18	363.00	1803.40	33.74	72.82	7.37	32.34	44.82	7.22	54.39	105.94	9.18	4.94	9.41	0.66	7.43	0.71	2.36	0.03	0.01	
0.00	179.69	351.33	283.86	493.87	427.42	2379.38	41.05	97.76	8.47	37.64	62.53	10.06	61.16	137.67	12.88	5.27	10.11	0.59	7.41	0.77	2.51	0.02	0.01	
0.00	178.67	380.22	301.25	514.37	447.15	2564.94	39.93	104.13	9.50	43.21	69.50	10.79	55.12	149.48	12.13	4.92	9.23	0.61	7.57	0.84	2.27	0.02	0.01	
0.00	124.91	312.67	234.75	345.17	371.28	1986.92	26.26	83.58	6.20	25.41	61.31	8.51	47.23	123.02	8.86	4.37	8.58	0.62	7.63	0.60	2.19	0.02	0.01	
0.00	98.27	174.72	140.01	262.57	256.27	1188.46	21.33	47.41	5.20	21.39	33.71	5.68	44.78	68.58	8.97	4.46	8.69	0.52	7.56	0.51	1.94	0.02	0.01	
0.00	115.01	195.59	159.71	319.42	251.88	1341.13	23.83	53.15	5.85	23.26	38.19	6.73	53.90	77.21	9.19	3.88	8.21	0.54	7.53	0.52	1.72	0.02	0.01	
0.00	84.41	161.99	122.94	249.37	192.29	1020.18	15.32	44.23	3.21	14.88	34.78	5.12	45.15	62.93	6.45	3.40	7.03	0.46	7.32	0.33	1.62	0.02	0.01	
0.00	46.40	39.29	30.46	100.03	116.28	228.15	8.91	10.27	1.88	11.95	9.54	2.79	29.36	16.75	6.11	3.23	7.19	0.32	7.03	0.20	1.58	0.01	0.00	
0.00	40.71	17.41	12.42	77.50	106.65	84.87	8.66	5.47	1.99	11.92	4.96	2.38	32.54	8.92	6.01	2.83	6.38	0.33	6.63	0.17	1.57	0.01	0.00	
0.00	25.71	10.92	9.01	60.92	109.35	39.53	7.26	3.54	1.72	9.82	3.43	2.17	20.06	7.97	5.71	2.24	5.96	0.24	6.22	0.11	1.53	0.01	0.00	
0.00	30.77	9.58	8.22	75.48	115.64	34.23	7.62	4.61	2.47	7.30	3.26	1.93	22.22	7.51	4.71	2.00	5.79	0.22	5.80	0.12	1.47	0.01	0.00	
0.00	33.76	9.83	9.59	81.75	107.00	37.31	6.81	4.16	2.33	7.31	3.15	1.72	24.46	7.40	5.28	2.28	5.81	0.23	5.57	0.11	1.46	0.01	0.00	
0.00	25.24	10.16	9.28	89.93	102.84	33.95	7.79	4.37	2.39	7.16	3.14	1.62	20.48	7.64	4.54	2.83	5.81	0.41	5.38	0.11	1.50	0.02	0.00	
0.00	24.70	10.68	9.39	93.09	96.91	41.29	9.87	5.17	2.43	5.97	2.95	1.48	19.07	6.75	4.91	3.79	5.48	0.52	5.27	0.12	1.54	0.02	0.00	
0.00	27.32	12.44	9.27	72.41	124.02	39.47	11.39	6.47	3.01	7.15	3.90	1.58	21.06	8.46	6.62	4.71	5.82	0.62	5.22	0.14	1.64	0.03	0.00	
0.00	22.41	11.42	8.35	51.90	121.07	39.18	9.12	6.00	2.87	6.14	3.35	1.45	18.87	5.41	4.33	5.00	5.26	0.41	5.19	0.13	1.72	0.02	0.00	
0.00	16.49	9.37	6.66	51.94	107.95	33.39	8.60	5.45	2.43	6.61	3.55	1.45	16.27	5.98	4.67	4.88	5.43	0.27	5.16	0.09	1.78	0.02	0.00	
0.00	16.82	10.15	7.45	51.35	99.82	31.21	7.17	5.59	2.78	5.39	3.89	1.41	16.94	5.45	6.11	4.06	4.68	0.26	5.13	0.10	1.82	0.01	0.00	
0.00	16.79	8.87	5.45	42.18	101.63	24.48	5.57	4.10	1.96	5.70	3.49	1.49	17.56	6.61	6.01	2.71	4.93	0.23	5.11	0.08	1.88	0.01	0.00	
0.00	16.28	11.13	5.32	35.31	105.12	26.30	4.51	4.40	1.61	6.47	3.98	1.54	16.88	6.81	5.08	2.24	5.07	0.26	5.13	0.10	1.92	0.01	0.00	
0.00	17.21	9.95	6.55	37.28	97.14	44.02	3.85	3.71	1.06	10.59	4.95	1.77	15.97	6.18	5.51	2.19	5.07	0.25	5.12	0.13	1.98	0.01	0.00	
0.00	14.72	11.31	7.17	42.08	95.77	37.77	4.88	3.60	0.89	7.44	3.71	1.69	17.50	8.22	5.85	2.58	4.49	0.20	5.00	0.11	1.99	0.01	0.00	
0.00	18.38	11.17	7.82	38.86	109.17	42.80	5.66	3.93	0.69	9.83	3.73	1.85	18.33	8.62	6.53	2.97	4.84	0.19	4.90	0.09	2.03	0.01	0.00	
0.00	17.32	13.51	8.41	41.82	108.43	52.47	7.41	5.66	0.79	9.60	4.50	2.15	15.53	8.60	4.37	3.52	4.46	0.19	4.82	0.13	2.06	0.01	0.00	
0.00	12.87	11.19	6.70	38.17	95.83	44.82	5.70	6.20	0.82	8.99	5.07	1.94	14.11	6.99	3.73	2.95	5.07	0.24	4.85	0.17	2.08	0.01	0.00	
0.00	16.67	13.98	6.96	34.14	104.95	43.20	6.98	8.54	1.07	5.79	5.58	1.89	13.90	6.79	3.89	3.66	5.05	0.46	5.02	0.23	2.11	0.02	0.03	
0.00	16.27	16.29	7.13	34.28	95.21	46.46	9.16	10.82	1.12	8.30	5.58	1.92	15.15	7.50	4.69	4.31	5.34	0.66	5.04	0.38	2.12	0.03	0.01	
0.00	14.80	16.65	6.61	44.35	89.37	55.76	8.22	10.73	1.06	10.04	4.96	1.79	16.23	7.30	5.25	5.68	6.14	0.77	5.14	0.39	2.16	0.03	0.02	
0.00	17.42	14.33	9.05	43.04	91.70	70.59	7.21	7.61	1.27	8.60	5.44	1.93	17.86	7.27	4.73	7.39	5.92	1.02	5.20	0.36	2.21	0.03	0.01	
0.00	19.31	16.44	9.04	38.55	106.85	60.37	6.57	9.61	1.43	9.53	5.26	1.97	17.34	8.07	6.54	6.89	5.93	1.22	5.22	0.44	2.28	0.05	0.01	
0.00	32.78	22.74	10.17	55.90	111.41	74.29	11.92	12.31	1.98	12.58	5.27	1.98	25.35	11.94	6.94	6.26	6.69	1.45	5.09	0.62	2.33	0.06	0.01	
0.00	27.40	25.41	8.76	62.43	129.45	87.67	16.58	13.12	2.00	12.56	7.18	1.86	23.34	15.60	10.13	8.10	6.30	1.70	5.05	1.14	2.46	0.06	0.01	
0.00	40.22	24.68	12.20	45.28	108.65	75.52	23.92	16.09	1.41	14.59	5.87	2.03	19.93	10.06	8.83	12.86	6.13	3.10	5.05	1.16	2.43	0.08	0.01	
0.00	37.22	19.85	12.95	50.53	105.62	75.50	19.30	12.02	2.04	17.60	5.91	2.44	20.17	9.45	8.41	9.32	6.50	2.82	5.21	1.24	2.39	0.05	0.01	
0.00	34.82	17.77	10.77	58.44	116.50	73.25	22.80	7.46	2.58	13.53	5.39	2.19	23.35	12.34	8.56	7.91	5.73	2.97	5.47	1.42	2.40	0.04	0.03	
0.00	38.65	18.44	12.01	59.78	142.73	61.31	16.09	15.61	2.80	11.55	4.62	2.21	29.23	10.62	10.45	5.99	5.78	2.77	6.56	1.71	2.32	0.05	0.05	
0.00	34.91	19.63	10.15	46.76	136.93	49.78	10.79	16.43	3.48	9.08	4.83	2.00	24.19	9.34	9.32	5.76	4.78	2.95	6.87	1.90	2.23	0.08	0.01	
0.00	21.96	15.26	10.27	50.12	116.69	42.37	10.39	10.75	3.16	9.07	5.05	1.93	20.00	10.13	8.58	5.08	5.06	2.91	7.81	2.26	2.08	0.06	0.01	
0.00	32.16	17.12	9.51	52.87	112.04	32.78	9.43	12.17	3.11	8.11	5.20	1.93	23.88	9.89	8.01	8.28	4.53	4.36	8.73	2.21	1.87	0.06	0.01	
0.00	30.56	15.35	10.32	71.56	129.87	37.59	10.47	14.69	2.80	9.74	5.34	1.73	24.17	9.99	7.45	12.44	4.26	4.28	9.33	2.18	1.67	0.04	0.01	
0.00	31.87	13.79	9.49	81.28	117.02	40.44	16.99	11.01	3.24	9.77	5.76	1.77	27.99	11.25	7.71	8.43	3.14	4.41	9.50	2.12	1.47	0.01	0.01	
0.00	33.40	15.63	10.66	81.84	109.96	46.04	12.29	7.00	3.26	10.81	7.88	1.97	28.74	12.26	8.54	6.53	4.03	4.56	9.03	2.12	1.20	0.01	0.01	
0.00	27.35	17.73	11.23	84.03	103.44	38.84	7.89	7.61	2.51	11.36	9.60	2.13	25.42	12.57	8.75	5.71	4.60	5.11	8.00	2.14	0.97	0.01	0.01	
0.00	25.88	16.50	11.52	82.41	107.97	47.90	7.93	9.35	2.71	9.23	10.88	3.43	23.03	11.61	7.40	4.74	3.90	5.84	6.76	2.11	0.76	0.01	0.01	
0.00	27.09	15.49	11.31	97.79	97.83	44.51	6.57	11.63	2.52	9.71	8.40	3.03	24.20	11.37	6.21	4.99	4.14	6.56	5.53	2.20	0.71	0.00	0.02	
0.00	27.05	18.37	12.45	91.83	100.29	45.91	6.02	11.71	3.19	7.95	7.40	2.26	24.68	11.37	8.25	5.37	3.43	7.18	4.13	2.19	0.61	0.00	0.02	
0.00	32.12	12.14	10.94	99.41	107.36	45.28	7.01	8.79	2.85	7.82	5.26	1.53	27.35	9.01	8.00	5.43	2.52	7.70	2.39	2.30	0.29	0.01	0.02	
0.00	30.88	14.27	12.63	118.33	127.05	52.91	6.70	7.59	3.00	9.01	6.61	1.58	28.82	9.33	8.24	5.31	2.74	8.16	1.40	2.37	0.17	0.01	0.02	
0.00	37.93	14.58	11.41	94.93	112.72	46.67	7.99	5.99	3.14	6.07	5.53	1.36	34.43	10.07	8.61	6.20	2.01	8.56	0.53	2.51	0.14	0.01	0.03	
0.00	37.61	12.86	10.62	87.22	115.74	65.92	7.60	4.98	2.89	10.19	5.03	1.82	33.88	7.27	7.07	6.27	3.01	9.00	0.78	2.66	0.16	0.00	0.04	
0.00	44.41	29.82	18.35	100.49	111.31	137.57	9.31	8.25	3.03	9.22	6.66	2.02	36.47	15.86	7.65	6.75	2.48	9.35	0.67	2.84	0.12	0.00	0.04	
0.00	56.51	90.44	62.81	223.43	178.64	524.94	12.07	28.19	3.74	8.14	14.01	2.49	26.23	40.66	5.98	7.21	2.08	9.67	0.52	2.98	0.12	0.00	0.03	
0.00	122.59	188.97	133.66	455.74	354.29	1181.32	26.70	59.77	6.13	12.96	28.87	3.10	35.57	79.69	5.28	7.42	3.46	9.93	0.45	3.04	0.21	0.01	0.01	
0.00	213.27	291.98	215.52	725.99	539.08	1922.09	42.95	90.66	10.20	21.02	42.52	3.69	62.58	125.05	8.38	7.58	4.33	10.08	0.49	3.01	0.35	0.01	0.01	
0.00	205.22	228.55	190.46	678.42	461.96	1692.81	47.10	67.50	10.15	24.88	32.07	3.15	58.41	102.49	11.24	8.12	5.52	10.09	0.60	3.01	0.46	0.01	0.01	
0.00	161.14	206.61	161.50	540.82	400.05	1412.43	39.27	61.60	8.37	18.27	30.06	3.33	45.11	89.55	8.65	8.64	4.27	9.93	0.47	3.06	0.32	0.01	0.01	
0.00	131.61	172.60	134.26	436.04	373.92	1199.58	33.68	49.66	6.91	16.17	24.68	2.67	37.61	74.39	7.23	8.12	4.05	9.72	0.43	2.86	0.32	0.01	0.01	
0.00	112.26	166.35	132.45	392.42	380.74	1151.08	30.73	47.37	5.97	13.56	24.50	2.86	29.07	72.84	7.64	8.22	3.51	9.35	0.35	2.92	0.23	0.01	0.01	
0.00	101.78	126.64	105.88	316.22	335.05	917.61	25.60	36.18	5.80	13.58	18.61	3.04	28.60	56.42	7.92	7.56	3.57	8.90	0.33	2.67	0.26	0.01	0.01	
0.00	71.68	85.74	69.91	236.57	244.42	596.53	19.53	24.68	4.23	9.82	13.52	2.79	26.96	38.25	6.25	7.95	2.84	8.36	0.27	2.77	0.21	0.01	0.01	
0.00	54.01	63.95	49.80	171.37	220.28	428.55	13.21	18.85	3.06	8.37	10.17	1.78	28.91	27.57	6.14	7.84	2.28	7.71	0.21	2.66	0.12	0.01	0.01	
0.00	69.60	108.50	80.84	231.18	305.71	693.65	18.76	28.16	5.15	8.64	17.14	2.27	23.86	48.04	7.54	8.38	2.09	7.02	0.18	2.62	0.09	0.01	0.01	
0.00	85.47	91.12	81.47	247.84	310.79	729.68	24.64	24.62	4.71	12.08	12.07	1.85	24.06	40.51	7.68	9.46	3.31	6.42	0.26	2.56	0.22	0.02	0.01	
0.00	49.43	80.84	57.88	161.21	214.93	495.64	17.02	22.31	4.25	6.91	11.68	2.04	18.72	37.12	5.74	8.96	2.75	5.70	0.21	2.55	0.12	0.02	0.01	
0.00	54.21	69.04	54.09	163.25	215.17	490.18	18.36	17.69	4.03	7.47	9.45	1.74	18.15	30.98	4.32	7.90	2.83	5.36	0.21	2.50	0.14	0.01	0.01	
0.00	53.50	105.86	68.78	150.28	274.55	583.69	15.50	28.48	4.90	6.28	15.42	2.28	19.69	46.71	4.45	8.58	2.73	5.03	0.18	2.48	0.09	0.02	0.01	
0.00	60.73	70.95	57.69	142.77	231.16	518.81	19.50	16.51	4.36	7.97	9.96	1.55	17.98	31.70	4.77	7.57	2.46	4.88	0.19	2.45	0.15	0.01	0.01	
0.00	38.29	33.34	30.67	89.73	136.68	281.63	12.63	9.02	2.45	5.31	5.10	1.32	16.91	13.72	3.61	7.49	1.93	5.04	0.21	2.42	0.14	0.01	0.01	
0.00	45.22	83.02	56.38	107.59	205.00	520.66	15.30	20.81	4.66	5.28	13.61	1.61	16.67	33.43	3.89	7.22	1.57	5.22	0.17	2.38	0.13	0.01	0.01	
0.00	78.02	114.86	84.06	161.73	340.49	761.45	25.66	25.65	5.62	9.44	17.97	2.46	19.40	50.24	5.56	7.72	2.27	5.34	0.22	2.47	0.21	0.01	0.01	
0.00	73.23	96.58	75.84	152.58	299.50	685.50	22.78	21.29	5.36	11.05	17.54	3.04	22.01	41.57	7.43	6.74	3.32	5.48	0.25	2.33	0.26	0.02	0.01	
0.00	81.82	146.24	101.71	171.32	353.49	911.78	25.84	34.37	7.34	11.27	24.02	3.13	25.71	66.58	7.36	7.00	2.88	5.35	0.31	2.65	0.34	0.03	0.01	
0.00	95.67	151.23	111.31	203.96	393.84	1011.82	33.34	34.01	8.37	14.00	24.86	3.14	24.24	67.51	6.84	8.38	3.63	5.42	0.32	2.34	0.39	0.02	0.02	
0.00	65.10	107.27	76.46	143.61	250.69	686.00	22.13	25.36	5.75	9.77	20.23	2.62	19.70	48.16	5.91	6.65	3.37	5.11	0.33	2.46	0.28	0.02	0.02	
0.00	44.45	66.75	51.70	101.95	191.07	471.49	17.98	15.59	4.45	7.32	11.15	1.36	15.05	29.63	4.61	5.66	2.05	5.17	0.28	2.31	0.20	0.02	0.01	
0.00	15.04	11.25	9.99	32.09	73.34	79.51	7.06	5.43	1.99	3.71	4.48	0.61	13.59	7.21	3.27	5.06	1.81	4.97	0.28	2.24	0.14	0.01	0.01	
0.00	10.87	9.35	6.28	31.64	69.46	27.34	5.91	5.11	1.89	3.61	4.71	0.54	11.35	5.90	3.07	4.31	1.95	4.83	0.44	2.34	0.17	0.01	0.01	
0.00	11.15	9.98	6.07	38.44	75.86	22.86	6.48	5.57	1.87	4.51	5.49	0.68	12.79	5.33	3.76	4.77	2.50	4.75	0.58	2.41	0.35	0.01	0.02	
0.00	15.65	15.63	6.29	36.37	91.76	34.30	6.73	7.98	1.91	5.22	10.46	1.02	18.88	8.77	4.50	4.59	2.59	4.62	0.63	2.47	0.57	0.01	0.02	
0.00	18.20	16.26	10.74	41.91	111.66	40.84	7.88	8.24	1.97	6.07	11.22	1.06	20.53	10.62	7.38	4.87	2.83	4.53	0.72	2.64	0.71	0.01	0.02	
0.00	22.71	19.37	10.44	55.69	140.14	48.55	9.98	8.65	2.13	6.74	12.35	1.04	21.34	9.64	7.35	5.03	4.04	4.38	0.78	2.61	0.77	0.01	0.02	
