gaitPhase	pelvis_tilt_moment	pelvis_list_moment	pelvis_rotation_moment	pelvis_tx_force	pelvis_ty_force	pelvis_tz_force	hip_flexion_r_moment	hip_adduction_r_moment	hip_rotation_r_moment	hip_flexion_l_moment	hip_adduction_l_moment	hip_rotation_l_moment	lumbar_extension_moment	lumbar_bending_moment	lumbar_rotation_moment	knee_angle_r_moment	knee_angle_l_moment	ankle_angle_r_moment	ankle_angle_l_moment	subtalar_angle_r_moment	subtalar_angle_l_moment	mtp_angle_r_moment	mtp_angle_l_moment	
0.00	35.99	21.30	11.72	71.08	142.18	73.38	15.81	11.74	1.77	12.75	7.09	2.07	33.76	16.87	11.19	6.39	6.10	1.36	7.90	0.64	1.51	0.04	0.02	
0.00	23.51	17.20	11.46	61.47	119.33	64.31	13.96	9.17	2.01	11.77	5.54	1.68	21.95	9.73	6.99	6.40	5.46	2.18	6.92	1.01	1.48	0.02	0.02	
0.00	20.32	11.82	7.88	41.39	99.66	40.19	14.90	9.25	1.92	7.27	3.86	1.31	17.50	8.33	4.48	6.56	3.91	2.69	5.86	1.33	1.12	0.03	0.02	
0.00	26.05	12.80	10.23	57.62	94.27	55.04	12.18	8.95	2.06	6.13	4.05	1.19	22.87	8.54	6.73	7.13	2.85	3.29	4.34	1.46	0.86	0.08	0.02	
0.00	40.89	24.55	19.02	107.82	200.04	112.44	26.68	15.66	2.80	13.80	7.86	1.37	33.80	11.87	10.48	15.09	4.31	5.16	2.70	1.66	0.70	0.21	0.03	
0.00	48.15	37.30	21.63	105.23	204.01	165.01	30.13	17.89	3.68	15.35	15.22	3.05	31.18	13.72	9.95	12.80	7.15	5.51	1.49	1.89	0.58	0.12	0.03	
0.00	44.68	42.18	28.96	94.24	178.54	245.61	16.70	16.19	3.43	15.02	11.11	2.24	26.35	17.87	8.95	9.67	7.74	8.13	0.70	1.83	0.22	0.15	0.04	
0.00	58.70	81.04	53.18	208.18	147.78	489.59	23.82	31.75	3.99	12.60	15.42	2.19	22.12	30.62	7.55	15.70	6.03	7.81	0.64	1.98	0.14	0.10	0.04	
0.00	100.14	165.75	121.24	399.54	275.40	1152.99	31.09	59.19	6.07	18.55	28.35	3.60	42.50	66.83	11.54	17.12	7.05	6.47	0.84	2.21	0.29	0.05	0.04	
0.00	109.91	94.54	80.42	282.75	226.70	784.27	42.13	27.86	8.19	25.75	18.58	2.94	49.59	39.50	14.29	10.19	10.60	7.95	1.04	2.82	0.30	0.03	0.05	
0.00	67.40	61.82	51.28	189.20	146.19	488.75	20.56	21.34	6.23	15.25	11.17	1.85	36.29	30.11	12.69	9.98	9.04	8.36	0.62	3.34	0.23	0.02	0.04	
0.00	49.20	28.55	25.61	115.07	92.71	228.31	13.37	13.54	5.62	7.35	5.54	1.08	44.16	15.75	10.62	12.18	4.97	9.27	0.32	3.73	0.18	0.02	0.02	
0.00	66.34	34.89	23.61	130.59	108.31	176.82	16.12	11.86	5.73	8.87	6.48	1.60	58.89	19.75	11.74	11.27	7.18	10.17	0.44	4.10	0.16	0.02	0.03	
0.00	61.97	52.26	40.12	160.84	178.06	344.88	13.24	20.85	6.06	8.43	8.93	1.69	55.62	26.23	13.46	9.75	9.32	10.89	0.62	4.43	0.18	0.02	0.04	
0.00	82.83	156.86	101.91	297.20	238.68	1008.19	16.74	56.25	6.75	10.30	24.48	2.66	46.66	63.86	11.64	11.58	4.31	11.82	0.51	4.62	0.18	0.01	0.03	
0.00	103.52	198.40	142.07	427.13	280.93	1405.29	25.60	69.23	7.67	16.55	29.40	3.09	43.99	81.08	14.86	11.03	5.35	12.30	0.50	4.74	0.29	0.01	0.02	
0.00	106.74	221.60	153.83	452.94	334.03	1548.95	22.35	76.34	7.25	15.51	33.54	3.45	39.67	90.74	13.62	11.72	4.67	12.66	0.55	4.74	0.32	0.01	0.02	
0.00	130.60	245.35	182.07	521.52	402.47	1841.13	29.80	87.59	9.87	22.37	36.81	4.07	41.98	99.67	19.00	12.54	6.50	12.81	0.65	4.62	0.43	0.01	0.02	
0.00	184.15	403.99	286.05	751.67	643.03	2932.20	35.62	139.93	11.38	24.93	60.18	4.74	49.34	163.36	19.66	14.09	7.19	12.69	0.72	4.95	0.43	0.01	0.03	
0.00	156.15	272.49	200.05	540.97	512.59	2099.86	33.85	96.57	10.18	30.09	40.37	4.62	47.72	109.93	16.88	14.49	7.59	12.39	0.86	5.03	0.41	0.01	0.03	
0.00	147.39	285.51	201.86	538.73	461.00	2121.80	31.11	97.99	10.66	21.50	42.01	4.06	48.19	117.03	14.35	13.07	6.95	12.09	0.67	5.04	0.41	0.01	0.02	
0.00	144.23	276.30	201.52	510.46	502.69	2108.89	30.16	95.89	9.56	20.90	40.41	4.09	45.98	112.32	14.85	13.60	8.86	11.96	0.69	5.27	0.40	0.01	0.03	
0.00	142.14	270.81	196.19	490.03	494.41	2072.61	28.82	94.30	9.51	21.94	39.98	4.08	51.07	107.01	19.19	13.98	10.49	11.67	0.72	5.28	0.39	0.01	0.03	
0.00	122.75	191.38	150.02	349.26	401.36	1586.45	29.15	66.82	8.49	18.55	27.48	3.28	46.02	74.33	15.99	12.78	9.41	11.39	0.58	5.24	0.34	0.01	0.03	
0.00	56.25	127.90	87.12	201.04	247.40	881.95	14.43	42.85	5.65	10.38	20.28	3.34	30.04	51.85	9.78	11.80	5.66	11.09	0.41	5.11	0.19	0.01	0.02	
0.00	102.02	202.15	141.89	349.54	387.52	1481.23	23.86	68.84	7.72	14.17	28.77	3.67	34.99	80.35	11.77	11.66	6.90	10.63	0.54	4.92	0.26	0.01	0.03	
0.00	83.46	130.34	96.68	241.84	325.52	992.21	21.71	44.21	5.95	16.39	20.87	4.99	30.56	52.04	9.29	11.49	6.85	10.15	0.52	4.73	0.26	0.01	0.03	
0.00	72.40	91.86	65.76	189.62	236.80	718.15	18.31	30.89	5.57	19.78	17.22	4.59	28.42	34.85	9.12	10.89	6.42	9.60	0.36	4.37	0.22	0.01	0.01	
0.00	43.95	44.25	37.12	102.16	135.49	361.18	12.00	16.20	4.92	18.36	14.13	6.53	20.91	18.58	7.68	10.88	6.93	8.90	0.29	4.08	0.22	0.01	0.02	
0.00	35.92	21.37	17.63	84.06	125.91	152.29	10.77	9.41	4.44	17.24	11.70	5.21	21.01	11.13	7.20	10.80	6.85	8.27	0.23	3.76	0.19	0.01	0.02	
0.00	33.90	23.18	14.23	87.97	120.90	106.92	11.66	6.84	4.57	15.08	12.77	5.28	23.13	10.49	7.62	10.05	5.35	7.82	0.28	3.44	0.19	0.01	0.01	
0.00	31.84	14.89	12.80	110.56	131.57	78.89	11.97	4.53	3.99	10.44	7.16	3.05	25.96	10.61	7.07	10.51	3.84	7.48	0.25	3.14	0.12	0.01	0.01	
0.00	32.77	17.34	12.40	83.41	111.34	79.95	9.25	5.72	3.85	7.12	4.76	2.02	28.98	13.32	8.03	9.38	2.76	7.32	0.23	2.88	0.13	0.01	0.01	
0.00	23.92	13.39	10.79	69.03	114.00	64.58	9.86	5.81	3.61	5.56	4.12	1.51	25.71	10.77	4.86	8.42	2.47	7.28	0.26	2.61	0.11	0.01	0.01	
0.00	27.47	20.89	13.06	59.76	120.72	69.77	9.26	5.95	3.18	4.79	3.79	1.38	28.22	16.92	9.67	7.13	2.42	7.56	0.22	2.38	0.13	0.01	0.01	
0.00	23.72	12.97	8.20	49.91	110.98	40.42	7.89	5.04	2.78	4.75	4.03	1.31	22.34	12.64	6.51	6.68	2.35	8.04	0.23	2.20	0.15	0.01	0.01	
0.00	24.61	10.92	8.74	43.89	104.37	32.87	8.72	5.79	2.26	6.24	5.12	1.46	23.32	10.66	5.93	6.69	3.62	8.72	0.30	2.09	0.15	0.01	0.02	
0.00	15.99	13.43	6.71	34.55	77.11	31.05	8.27	6.17	1.92	7.76	4.92	1.28	15.70	10.38	4.43	6.64	4.46	9.58	0.23	2.10	0.17	0.01	0.01	
0.00	16.02	14.44	6.28	35.74	98.70	32.01	7.29	6.26	1.65	7.76	5.70	1.29	17.77	12.52	4.36	5.97	4.91	10.41	0.29	2.19	0.18	0.01	0.02	
0.00	19.36	17.85	6.60	42.05	98.29	35.74	8.63	6.38	1.52	6.27	4.84	1.31	19.41	16.28	4.86	5.78	2.98	11.06	0.28	2.27	0.15	0.02	0.01	
0.00	22.61	23.41	6.94	43.16	113.52	53.12	8.09	6.63	1.71	6.49	4.69	1.18	22.36	21.81	5.96	5.80	2.91	11.52	0.30	2.46	0.16	0.02	0.02	
0.00	23.94	28.77	8.43	54.17	96.24	65.06	6.77	6.95	1.76	6.69	5.14	0.96	22.58	26.96	6.87	5.37	3.37	11.76	0.29	2.55	0.20	0.02	0.01	
0.00	21.32	31.20	9.83	55.10	117.12	77.30	8.17	6.56	2.04	5.64	4.75	0.93	19.50	31.38	7.27	5.13	3.22	11.73	0.33	2.58	0.18	0.02	0.01	
0.00	30.12	47.79	18.24	74.98	119.12	124.56	10.23	8.20	1.95	6.89	5.71	1.02	24.99	43.13	9.59	5.50	3.24	11.47	0.46	2.52	0.22	0.01	0.02	
0.00	35.81	47.09	25.10	75.45	120.99	240.96	10.29	10.18	2.38	6.21	8.03	1.08	20.98	39.98	8.79	5.27	2.66	11.19	0.53	2.42	0.29	0.01	0.02	
0.00	77.21	130.62	103.20	246.33	289.14	962.75	25.06	34.53	4.74	12.29	25.83	3.34	29.76	64.17	10.00	5.85	3.13	10.94	0.58	2.52	0.42	0.02	0.03	
0.00	73.75	128.81	98.23	221.97	282.07	939.03	23.82	37.41	4.64	11.30	25.97	3.27	25.25	55.59	8.58	6.04	3.21	10.90	0.37	2.59	0.47	0.01	0.02	
0.00	112.19	228.51	178.74	409.78	500.63	1644.76	33.73	72.03	7.65	17.19	46.38	6.12	26.33	90.34	11.20	6.80	3.58	10.76	0.39	2.61	0.65	0.01	0.02	
0.00	108.35	222.44	163.82	354.69	447.69	1531.54	34.21	67.24	6.91	15.71	44.27	5.74	26.59	87.92	9.97	5.75	3.18	9.91	0.57	2.57	0.61	0.01	0.03	
0.00	102.88	189.20	142.57	340.15	385.01	1301.62	32.65	57.45	6.42	14.16	41.23	5.37	34.17	76.61	10.12	6.97	3.44	9.12	1.08	2.42	0.60	0.02	0.04	
0.00	104.52	207.22	161.12	351.30	420.55	1465.78	36.37	60.67	6.95	18.45	42.46	5.99	26.68	85.65	10.61	6.70	5.11	8.16	1.71	2.16	1.15	0.02	0.04	
0.00	130.17	245.35	191.64	427.12	515.60	1734.92	42.77	73.44	7.71	23.59	50.03	6.90	30.53	98.23	10.31	6.90	6.42	7.17	2.67	1.93	1.83	0.02	0.04	
0.00	128.22	244.35	184.76	404.26	502.68	1661.30	38.75	72.89	6.31	28.30	47.75	6.47	33.96	98.03	11.22	5.31	9.26	6.35	3.94	1.72	2.24	0.03	0.09	
0.00	146.41	260.31	204.53	453.55	544.82	1833.04	43.58	78.07	6.71	26.25	51.77	6.61	37.60	105.09	10.64	5.29	8.76	5.60	5.05	1.39	2.15	0.03	0.18	
0.00	115.96	243.13	178.60	347.73	470.91	1583.03	33.99	72.65	4.82	29.65	48.05	6.15	32.93	98.46	12.53	6.43	12.90	5.05	5.20	1.06	2.36	0.02	0.18	
0.00	116.71	219.00	165.89	350.02	425.73	1453.68	34.91	63.01	4.81	28.17	41.96	5.32	33.84	94.17	14.57	6.94	12.49	4.21	8.23	0.91	3.45	0.02	0.17	
0.00	145.30	236.97	185.52	369.79	492.03	1624.17	38.79	69.89	5.37	34.47	48.66	7.05	43.63	101.95	15.39	7.02	16.48	3.09	10.46	0.85	3.72	0.03	0.17	
0.00	113.76	196.71	149.99	300.07	410.06	1309.58	29.88	56.12	4.68	30.15	42.12	7.01	39.38	84.42	13.71	5.54	14.32	1.70	9.87	0.72	3.36	0.03	0.10	
0.00	152.63	268.64	207.57	406.54	572.93	1778.08	36.91	78.54	5.46	42.69	50.29	8.07	46.04	113.46	16.94	6.58	10.43	1.01	9.96	0.71	3.52	0.04	0.04	
0.00	178.53	290.22	230.45	432.90	624.97	1981.70	37.95	86.36	6.48	40.31	46.88	8.55	53.95	124.30	15.37	7.69	9.44	0.98	11.12	0.92	4.05	0.04	0.03	
0.00	184.76	298.04	238.29	461.32	671.34	2062.69	40.35	91.25	7.39	33.02	50.86	8.11	59.48	125.06	17.13	7.79	13.76	0.84	12.14	0.92	4.29	0.04	0.02	
0.00	208.02	257.02	227.65	457.90	646.92	1963.68	45.91	81.70	8.80	32.08	44.50	7.54	73.20	106.18	17.63	7.69	13.66	0.89	12.80	1.01	4.62	0.03	0.01	
0.00	159.98	200.77	176.97	400.43	503.27	1538.15	37.61	62.59	7.41	28.31	32.30	7.40	70.67	82.39	16.66	5.91	12.54	0.78	13.51	0.83	5.20	0.03	0.01	
0.00	101.78	132.97	113.55	276.10	338.70	1004.28	27.97	35.74	6.22	20.89	20.01	7.84	56.84	58.53	20.66	6.04	11.45	0.70	13.89	0.64	5.71	0.03	0.01	
0.00	66.48	31.76	29.74	111.66	139.89	209.83	10.22	8.55	3.84	12.35	8.06	7.68	53.47	21.16	13.52	4.00	13.24	0.63	14.27	0.48	6.04	0.03	0.01	
0.00	81.66	37.73	32.57	111.64	160.59	240.80	12.64	9.76	3.56	12.03	8.14	7.67	56.66	24.40	15.57	4.16	14.17	0.65	14.25	0.42	6.29	0.02	0.01	
0.00	91.86	72.63	67.90	201.73	256.74	596.54	15.18	23.93	4.08	16.50	13.58	7.56	56.91	32.16	15.48	3.00	14.41	0.55	13.87	0.41	6.41	0.02	0.01	
0.00	108.74	97.76	84.06	219.32	327.17	758.12	20.19	30.26	4.30	18.37	16.31	7.09	60.37	41.69	12.61	4.24	16.12	0.73	13.33	0.47	6.35	0.03	0.01	
0.00	144.46	157.67	137.74	320.08	452.46	1252.54	28.17	50.64	5.33	24.29	26.14	7.65	54.37	64.60	12.91	5.34	16.99	0.61	12.79	0.53	6.15	0.02	0.01	
0.00	168.50	221.93	176.26	385.76	559.04	1605.31	29.26	70.78	5.09	25.10	39.10	9.30	58.56	90.09	10.88	5.00	15.51	0.68	12.35	0.47	5.97	0.02	0.02	
0.00	146.23	190.36	154.99	357.37	503.21	1414.88	26.58	60.86	4.53	19.30	33.06	7.47	52.05	75.47	11.10	4.94	15.06	0.44	11.87	0.39	5.77	0.01	0.02	
0.00	129.47	122.06	113.54	271.03	310.34	993.01	24.33	40.39	4.69	23.89	18.27	6.54	52.98	52.66	11.45	4.77	15.84	0.35	11.52	0.40	5.57	0.01	0.01	
0.00	252.86	330.11	276.00	639.18	799.31	2509.85	40.56	106.23	8.05	36.16	57.97	9.77	77.73	136.99	12.15	5.40	14.23	0.61	11.31	0.77	5.36	0.01	0.03	
0.00	151.08	195.20	152.99	392.47	437.59	1386.85	25.22	60.67	4.92	28.93	35.64	7.18	56.12	81.01	10.68	5.77	14.87	0.40	11.07	0.43	5.25	0.01	0.02	
0.00	190.63	227.99	192.03	527.92	553.29	1764.85	32.15	73.32	6.77	28.65	38.55	7.74	57.30	97.43	9.76	4.57	11.61	0.33	10.91	0.61	4.94	0.01	0.02	
0.00	171.17	212.47	179.38	508.13	452.13	1627.33	33.81	68.67	6.62	28.44	39.14	7.76	54.01	90.08	10.02	4.96	11.81	0.30	10.55	0.58	4.61	0.01	0.02	
0.00	195.07	302.28	232.45	644.83	640.63	2125.90	27.43	96.18	4.46	25.82	60.30	9.55	55.93	124.45	9.52	4.57	10.84	0.37	10.08	0.43	4.26	0.01	0.02	
0.00	64.63	70.08	48.72	188.05	172.45	440.42	11.47	22.27	2.26	14.05	17.53	5.54	40.01	29.23	6.23	3.90	11.11	0.26	9.41	0.16	3.94	0.01	0.01	
0.00	60.94	81.76	63.87	214.77	183.25	561.20	10.64	26.48	2.11	14.23	18.07	5.35	34.11	33.86	4.91	3.78	11.10	0.27	8.58	0.14	3.60	0.01	0.01	
0.00	29.77	41.51	26.00	151.89	123.20	236.29	10.44	12.87	1.66	11.12	10.77	4.76	27.89	16.04	3.73	4.13	11.37	0.31	7.75	0.10	3.21	0.01	0.01	
0.00	31.28	16.36	12.30	102.97	114.35	99.38	9.33	6.83	2.49	11.21	6.17	4.47	26.30	9.15	4.22	4.92	9.64	0.30	7.22	0.12	2.82	0.01	0.01	
0.00	24.74	18.26	12.72	100.67	114.34	79.20	11.55	7.68	3.10	12.11	6.34	4.05	22.02	12.17	5.45	6.36	8.65	0.32	7.21	0.20	2.45	0.02	0.01	
0.00	26.24	15.64	9.33	70.76	96.12	53.27	9.32	6.13	2.52	9.62	5.88	3.45	20.88	11.30	6.64	4.86	7.74	0.31	7.87	0.18	2.18	0.02	0.01	
0.00	25.03	12.99	9.53	70.48	109.59	52.48	6.98	4.68	1.51	13.79	5.95	3.06	18.70	10.36	5.18	3.04	6.79	0.29	8.90	0.13	2.04	0.01	0.01	
0.00	28.03	12.98	7.94	50.77	112.98	44.80	7.47	5.12	1.77	13.55	6.12	2.69	20.65	10.82	4.50	4.31	6.67	0.31	9.97	0.15	2.08	0.02	0.01	
0.00	26.92	13.07	9.75	66.14	129.85	45.32	7.71	6.36	1.97	12.01	4.84	2.23	26.74	12.36	5.89	4.54	6.59	0.34	10.83	0.19	2.23	0.02	0.01	
0.00	25.57	14.59	8.93	50.80	131.77	42.05	8.12	6.63	1.75	11.44	5.63	1.96	23.42	11.17	7.56	4.05	6.71	0.39	11.37	0.17	2.29	0.02	0.02	
0.00	21.32	11.69	6.76	41.48	103.22	31.92	8.17	6.04	1.40	7.78	5.25	1.99	22.07	9.98	5.56	3.93	5.65	0.38	11.48	0.19	2.32	0.02	0.02	
0.00	17.31	10.68	5.75	24.62	87.75	28.47	7.96	5.78	1.24	7.95	5.53	1.95	16.77	9.02	5.31	3.65	5.93	0.30	11.22	0.18	2.32	0.01	0.02	
0.00	25.17	20.48	8.20	36.84	103.32	41.87	8.37	6.44	1.46	9.22	5.83	1.92	23.67	16.84	8.96	4.06	6.10	0.30	10.72	0.18	2.16	0.01	0.02	
0.00	28.54	35.38	14.77	49.41	111.62	69.19	8.05	11.25	2.31	11.90	5.95	2.00	29.71	27.06	16.50	4.78	6.95	0.35	10.31	0.25	2.00	0.01	0.03	
0.00	29.88	37.72	14.91	50.87	85.55	71.08	6.75	10.51	1.94	9.97	4.70	2.03	28.67	29.27	17.94	3.73	6.52	0.38	9.79	0.24	1.86	0.01	0.02	
0.00	26.28	29.45	10.64	36.50	75.16	55.15	6.24	9.22	1.44	9.34	4.49	1.92	22.27	23.24	12.71	3.47	5.73	0.35	9.30	0.22	1.70	0.01	0.01	
0.00	27.87	39.25	14.47	53.79	81.64	69.24	6.09	8.73	1.35	9.07	4.86	1.94	28.96	29.00	16.62	3.42	5.45	0.44	9.00	0.21	1.72	0.01	0.01	
0.00	47.13	59.85	22.30	75.19	125.73	103.87	7.26	15.60	1.99	8.81	6.03	2.02	43.08	44.53	26.72	3.30	5.52	0.55	8.63	0.32	1.69	0.02	0.02	
0.00	41.11	48.53	16.34	60.09	114.32	76.69	8.21	12.71	1.45	9.66	5.67	2.26	34.20	36.75	20.36	3.24	5.43	0.48	8.47	0.29	1.66	0.02	0.02	
0.00	17.89	21.70	10.02	37.65	94.14	47.08	6.77	7.10	0.88	8.28	4.37	2.32	20.16	15.43	9.80	2.42	5.10	0.43	7.98	0.25	1.58	0.02	0.01	
0.00	16.93	14.49	6.36	29.15	69.75	32.69	4.88	4.61	0.75	7.42	3.98	2.34	15.85	10.92	5.91	2.05	4.87	0.42	7.82	0.21	1.50	0.02	0.01	
0.00	20.93	21.37	10.26	49.02	120.39	52.02	5.65	8.79	0.81	9.72	4.43	2.29	20.44	16.70	9.93	2.65	5.21	0.58	7.93	0.35	1.51	0.03	0.01	
0.00	34.13	22.95	11.34	70.63	133.68	73.70	13.80	11.40	1.54	11.66	7.00	2.01	31.99	18.74	11.11	6.17	5.89	1.23	7.91	0.74	1.56	0.04	0.02	
