gaitPhase	pelvis_tilt_moment	pelvis_list_moment	pelvis_rotation_moment	pelvis_tx_force	pelvis_ty_force	pelvis_tz_force	hip_flexion_r_moment	hip_adduction_r_moment	hip_rotation_r_moment	hip_flexion_l_moment	hip_adduction_l_moment	hip_rotation_l_moment	lumbar_extension_moment	lumbar_bending_moment	lumbar_rotation_moment	knee_angle_r_moment	knee_angle_l_moment	ankle_angle_r_moment	ankle_angle_l_moment	subtalar_angle_r_moment	subtalar_angle_l_moment	mtp_angle_r_moment	mtp_angle_l_moment	
1.00	-7.12	-62.79	33.90	142.85	-6.71	340.61	39.93	-12.57	-5.44	-50.39	14.70	-1.94	0.17	-39.13	-19.64	-1.38	-32.85	-7.32	-2.66	-2.99	0.60	0.06	-0.04	
2.00	-46.63	34.22	-27.41	-2.16	151.64	-216.80	29.44	8.80	-2.52	-59.15	-10.63	4.43	-4.66	4.20	-20.38	0.39	-30.44	-5.48	-2.87	-2.49	1.46	0.06	-0.07	
3.00	-42.40	3.35	-15.81	-3.26	-44.94	-82.76	31.74	3.84	-2.95	-84.53	-6.29	5.94	5.53	0.89	-20.62	0.90	-37.06	-4.22	-3.34	-1.98	3.22	0.06	-0.10	
4.00	-47.68	-27.02	-0.09	-10.49	-202.45	54.16	33.66	-1.26	-3.27	-107.12	-1.99	6.31	8.91	-4.73	-18.98	1.12	-41.46	-3.18	-1.05	-1.61	4.59	0.07	0.02	
5.00	-79.06	4.75	-15.54	-85.96	-115.95	-137.39	29.83	6.98	-1.88	-110.74	-11.01	7.38	-3.56	7.32	-15.64	2.13	-35.93	-2.16	4.13	-1.39	5.23	0.08	0.29	
6.00	-75.14	-38.42	-2.94	-60.81	-8.59	20.53	32.47	7.10	-2.31	-81.29	1.83	5.44	-17.06	-20.52	-14.39	4.23	-20.61	-1.14	3.66	-0.96	7.71	0.08	0.44	
7.00	-31.85	-36.82	-6.39	-3.52	-90.70	84.99	33.94	5.01	-2.04	-51.89	-3.26	7.84	-17.70	-4.66	-9.94	4.94	-4.80	-0.46	-10.41	-0.89	12.78	0.10	0.18	
8.00	-22.79	17.07	-41.11	-20.50	43.79	-158.82	31.91	15.58	-1.52	-38.00	-26.99	13.12	-11.22	24.65	-13.03	5.65	12.69	0.30	-23.54	-0.93	16.62	0.11	0.02	
9.00	-50.22	34.91	-47.17	-13.73	171.51	-209.63	33.27	17.17	-1.36	-52.19	-46.96	18.36	-8.06	32.92	-17.20	6.29	25.08	0.98	-33.86	-0.95	19.13	0.12	0.02	
10.00	-130.24	-61.14	4.42	99.76	-40.95	148.45	38.66	-0.46	-1.53	-114.56	-36.76	21.50	-27.86	-6.50	-11.06	6.00	20.49	1.15	-44.41	-0.77	22.14	0.13	0.07	
11.00	-169.93	121.16	-116.37	14.81	95.98	-830.47	32.38	47.40	-2.36	-123.66	-62.55	28.46	-33.81	92.90	-4.85	11.66	35.82	1.24	-55.65	-0.72	24.97	0.11	0.06	
12.00	-34.94	23.58	-13.20	196.06	-233.17	48.42	54.00	11.32	-6.30	-107.06	-47.08	29.87	20.24	65.07	4.36	13.51	52.08	1.02	-66.37	-0.33	26.43	0.10	0.04	
13.00	98.38	-94.39	97.66	252.66	-457.96	878.08	68.86	-30.29	-6.94	-101.10	-27.22	30.54	95.95	21.48	11.92	13.77	62.88	0.73	-76.84	-0.22	27.32	0.08	0.03	
14.00	68.49	34.58	-7.80	-145.72	-92.23	-130.03	43.38	4.33	-1.93	-123.92	-44.99	36.09	146.00	78.36	8.03	12.57	66.69	0.41	-87.34	-0.68	28.28	0.06	0.04	
15.00	116.47	16.02	-4.13	-165.79	-69.15	-11.60	39.76	1.21	-3.95	-111.88	-48.09	39.75	182.48	69.22	1.26	11.65	74.63	0.02	-97.65	-0.48	28.28	0.05	0.04	
16.00	80.32	6.20	-11.40	-108.29	24.33	10.35	36.38	-1.12	-3.82	-104.47	-53.02	42.91	159.46	63.47	0.70	11.98	80.60	-0.11	-107.88	-0.56	28.04	0.04	0.03	
17.00	11.45	7.87	-27.02	-70.24	144.01	-48.83	28.54	0.46	-3.13	-102.63	-54.61	44.16	119.62	63.76	3.42	11.25	83.19	-0.33	-117.63	-0.61	27.66	0.04	0.03	
18.00	-26.66	-0.95	-22.99	12.83	127.03	28.68	27.42	-1.32	-2.91	-97.57	-51.80	43.64	82.07	61.54	10.03	10.73	83.79	-0.40	-126.46	-0.59	27.08	0.04	0.03	
19.00	7.06	-31.53	8.89	79.50	-89.38	306.81	31.86	-13.06	-2.49	-88.17	-48.01	42.94	77.87	53.06	16.33	10.11	84.29	-0.26	-134.12	-0.63	26.23	0.05	0.03	
20.00	-12.97	17.87	-26.33	-31.32	-54.97	-43.95	23.40	0.39	-1.08	-91.92	-57.89	43.71	77.73	76.24	19.95	10.39	82.28	-0.28	-140.38	-0.73	25.19	0.04	0.03	
21.00	10.59	-7.60	1.91	54.15	-101.10	171.30	26.48	-10.11	-1.12	-90.53	-55.77	42.82	90.63	66.24	23.57	9.43	79.31	-0.29	-144.99	-0.70	23.90	0.05	0.03	
22.00	16.40	-11.99	7.25	127.14	-80.27	185.93	28.44	-11.17	-0.84	-84.09	-56.46	41.75	89.99	60.38	24.31	8.13	75.27	-0.13	-148.11	-0.76	22.41	0.05	0.03	
23.00	-49.72	40.53	-47.50	-19.08	59.68	-274.51	18.35	6.69	0.93	-87.27	-64.68	41.42	62.26	78.05	19.51	8.56	68.96	-0.02	-149.87	-0.94	20.79	0.05	0.02	
24.00	-0.85	-8.42	-11.78	3.76	-70.07	26.38	19.66	-7.72	0.78	-75.90	-54.84	38.10	77.97	53.56	18.72	6.48	61.87	-0.07	-150.01	-0.93	19.06	0.05	0.02	
25.00	-12.01	18.70	-28.56	-5.14	-14.74	-162.00	16.17	-0.29	1.68	-69.60	-56.62	35.99	70.25	60.42	20.00	5.52	52.85	0.07	-148.96	-1.07	17.36	0.05	0.02	
26.00	-4.34	-7.86	-7.01	98.85	-33.88	58.85	15.82	-10.33	0.67	-57.73	-51.59	32.66	63.55	45.96	20.58	4.41	44.32	0.17	-146.75	-1.06	15.56	0.05	0.02	
27.00	14.25	-14.91	-2.14	76.78	-50.64	114.24	16.33	-11.17	0.11	-47.12	-48.71	29.23	66.67	39.59	18.13	4.36	34.79	0.40	-143.50	-1.08	13.82	0.05	0.02	
28.00	-49.04	78.84	-78.32	-220.48	75.18	-605.94	2.75	20.06	3.11	-51.15	-62.74	27.65	43.44	74.86	14.57	4.71	24.05	0.63	-139.40	-1.44	12.27	0.05	0.01	
29.00	-19.54	-12.20	-17.72	4.33	-60.60	-21.04	2.17	-8.54	2.91	-39.85	-42.05	21.53	38.30	34.20	14.57	2.52	13.57	0.64	-134.27	-1.42	10.90	0.05	0.02	
30.00	-10.74	-16.45	-5.64	10.36	-31.80	55.18	5.18	-11.77	3.11	-35.73	-38.79	17.50	39.48	28.94	15.06	4.01	4.96	0.92	-128.44	-1.46	9.63	0.05	0.02	
31.00	7.65	-2.02	-6.69	-50.50	-4.48	1.99	6.37	-7.98	3.60	-30.73	-38.30	14.07	49.34	30.71	15.03	3.68	-2.75	1.09	-122.01	-1.57	8.48	0.05	0.02	
32.00	-1.57	-5.24	-2.48	7.92	-15.28	46.82	4.22	-11.23	4.08	-24.98	-34.28	10.40	34.10	29.07	15.62	1.75	-9.70	1.32	-114.95	-1.55	7.39	0.06	0.03	
33.00	-7.10	3.16	-2.12	-5.65	-34.17	22.82	-2.58	-8.08	3.20	-19.84	-32.27	7.22	27.06	27.42	17.21	-1.37	-13.78	1.54	-107.45	-1.44	6.33	0.07	0.03	
34.00	5.89	5.53	-3.35	8.16	-42.38	-2.95	-2.80	-4.58	2.00	-12.30	-29.52	4.71	27.62	22.20	16.11	-2.31	-17.04	1.84	-99.56	-1.36	5.33	0.08	0.04	
35.00	11.84	-2.04	-2.97	11.58	-23.97	-4.80	-1.29	-5.03	2.36	-7.68	-26.20	2.62	26.73	15.49	13.23	-2.02	-19.06	2.11	-91.40	-1.31	4.44	0.08	0.04	
36.00	14.84	-7.56	0.58	1.57	-26.32	7.98	-3.31	-5.86	2.75	-3.76	-22.96	0.88	25.36	9.50	12.71	-3.34	-19.30	2.32	-83.16	-1.19	3.53	0.09	0.04	
37.00	12.73	-2.39	1.67	5.23	-94.78	-6.62	-7.64	-1.76	1.95	-1.89	-20.69	-0.14	17.18	6.63	12.76	-6.66	-19.96	2.47	-75.00	-1.00	2.81	0.10	0.04	
38.00	1.55	-2.00	1.62	3.16	-83.73	-17.24	-13.39	1.05	1.38	-1.06	-18.63	-0.98	11.97	2.44	11.45	-10.13	-19.75	2.51	-66.86	-0.81	2.10	0.10	0.04	
39.00	-3.06	2.04	3.78	-6.38	-51.00	-3.60	-19.67	1.28	1.49	1.87	-17.19	-1.67	12.92	3.36	13.14	-13.21	-18.62	2.50	-58.94	-0.65	1.39	0.11	0.05	
40.00	-1.18	3.11	2.70	-23.79	-16.75	-2.63	-25.61	2.57	1.40	4.28	-15.25	-2.21	19.61	3.12	11.62	-16.51	-17.31	2.45	-51.55	-0.48	0.77	0.11	0.04	
41.00	-9.92	5.46	3.61	-18.57	1.64	8.09	-31.51	4.36	0.98	6.01	-12.86	-2.87	16.50	4.70	11.75	-20.18	-15.97	2.32	-44.60	-0.31	0.22	0.11	0.04	
42.00	-9.80	5.41	4.69	-5.92	-24.50	17.99	-37.72	2.17	1.24	13.63	-10.32	-3.30	11.33	6.76	14.12	-23.29	-12.28	1.99	-38.18	-0.29	-0.20	0.10	0.04	
43.00	-9.46	10.52	4.15	4.26	-13.08	24.48	-44.33	0.13	1.74	20.38	-9.83	-3.49	10.99	12.08	16.09	-27.08	-9.31	1.63	-32.42	-0.31	-0.60	0.09	0.04	
44.00	-9.18	7.61	5.41	3.50	11.18	19.25	-49.55	0.80	1.80	21.01	-6.75	-3.82	15.79	10.88	16.37	-31.02	-8.51	1.20	-27.53	-0.29	-0.76	0.08	0.04	
45.00	-6.29	11.71	5.98	7.44	33.24	15.72	-53.63	5.55	1.16	23.12	-5.38	-3.96	21.02	10.41	15.61	-34.12	-7.47	0.62	-23.01	-0.20	-0.96	0.07	0.04	
46.00	-10.05	11.78	3.80	20.05	16.90	15.67	-58.66	4.46	1.14	26.86	-5.93	-3.70	16.43	9.35	15.00	-36.05	-5.44	-0.10	-18.97	-0.35	-1.16	0.05	0.05	
47.00	-17.40	19.22	4.13	27.68	25.54	8.31	-63.42	6.02	0.53	29.39	-5.30	-3.43	12.76	13.30	18.57	-37.89	-3.70	-0.75	-15.64	-0.44	-1.23	0.03	0.04	
48.00	-17.20	20.81	3.80	14.32	50.96	26.10	-66.56	5.50	0.25	30.34	-4.34	-3.00	17.11	14.37	17.58	-38.85	-2.08	-1.29	-12.41	-0.42	-1.23	0.01	0.05	
49.00	-14.43	17.56	2.64	15.26	99.24	17.25	-65.49	4.59	0.22	30.83	-5.66	-2.25	21.97	8.95	16.37	-38.60	-1.10	-2.04	-9.67	-0.36	-1.04	-0.03	0.05	
50.00	-17.92	14.92	3.57	1.18	86.55	39.46	-70.74	-1.46	1.52	31.02	-4.83	-1.81	22.79	10.29	17.78	-39.13	-0.25	-2.75	-7.37	-0.41	-0.94	-0.07	0.05	
51.00	-22.87	5.53	2.56	-24.05	5.43	52.38	-86.15	-10.82	4.19	32.36	-4.94	-1.17	24.78	4.55	17.11	-41.48	0.81	-2.43	-5.04	-0.62	-0.89	-0.08	0.06	
52.00	-35.03	5.35	2.81	-40.14	-77.19	44.00	-107.09	-18.38	7.43	33.48	-4.98	-0.60	26.46	1.39	18.66	-45.41	2.72	-0.97	-3.04	-0.28	-0.87	-0.07	0.06	
53.00	-48.89	3.91	0.89	-78.36	-151.63	32.04	-129.44	-25.21	10.01	32.73	-4.58	-0.11	30.53	-3.22	17.35	-48.80	4.04	1.95	-0.90	0.01	-0.75	0.02	0.07	
54.00	-55.58	2.69	0.63	-116.27	-83.52	18.12	-124.93	-25.66	11.47	29.07	-3.51	0.15	30.74	-5.85	15.22	-40.71	3.81	6.88	1.05	-0.25	-0.53	0.23	0.09	
55.00	-46.26	0.46	9.65	-124.98	-2.50	41.93	-99.82	-22.04	11.98	33.44	0.92	0.14	19.46	-4.36	16.88	-25.25	6.80	8.68	2.34	-0.64	-0.42	0.38	0.10	
56.00	-25.67	8.41	10.45	-100.60	57.98	-17.33	-62.40	-23.09	12.24	28.14	1.46	0.91	11.98	-3.79	13.59	-5.37	5.16	1.59	2.93	-0.46	-0.29	0.28	0.11	
57.00	-16.86	6.60	-2.42	-98.66	28.11	-122.82	-57.26	-37.36	17.04	32.14	3.02	0.66	9.92	-6.31	6.79	8.76	7.89	-11.16	3.01	0.62	-0.12	0.08	0.11	
58.00	-7.70	-20.81	1.17	-0.61	-8.41	-64.35	-61.67	-61.12	22.30	40.19	5.42	0.11	15.18	-24.47	2.45	25.49	10.36	-22.40	3.16	1.89	-0.14	0.03	0.11	
59.00	-40.73	-36.63	1.14	152.74	-78.94	-32.94	-86.71	-80.21	28.73	43.03	1.56	0.53	5.48	-46.10	-3.98	36.11	9.54	-32.74	3.27	3.60	-0.20	0.04	0.11	
60.00	-80.38	-31.95	-5.53	204.76	-189.27	-117.99	-113.09	-78.45	35.11	45.67	-1.05	-0.07	-8.15	-56.18	-8.86	47.06	12.25	-42.88	2.97	5.47	-0.15	0.06	0.09	
61.00	-65.67	-55.76	9.48	221.32	-184.87	-4.52	-122.44	-81.82	40.21	42.00	-1.34	-0.24	23.63	-73.69	-8.71	60.96	8.88	-52.51	2.67	6.67	-0.17	0.06	0.08	
62.00	-10.51	-33.05	-1.83	84.17	-85.90	-159.91	-116.04	-72.79	43.79	39.47	-6.00	-0.43	82.74	-64.26	-2.49	78.88	8.37	-61.62	2.45	6.75	-0.17	0.04	0.07	
63.00	62.44	-26.49	-8.30	-66.03	-44.00	-174.09	-105.06	-70.72	46.84	37.92	-5.70	-1.01	141.27	-54.36	-6.28	92.16	8.95	-70.31	2.19	6.17	-0.18	0.03	0.06	
64.00	92.53	-26.36	-10.03	-165.91	-47.69	-143.19	-98.09	-78.56	50.76	34.61	-7.31	-0.42	163.67	-46.71	-10.76	101.42	9.52	-78.87	2.03	5.05	-0.27	0.03	0.05	
65.00	56.68	14.77	-20.11	-160.70	0.12	-331.52	-88.93	-76.90	53.69	30.04	-12.33	-0.19	134.92	-27.83	-4.75	109.71	8.56	-87.30	1.90	3.49	-0.28	0.03	0.05	
66.00	56.03	-52.44	46.88	106.05	-19.93	297.99	-74.30	-113.08	53.22	34.19	0.78	-0.89	113.29	-48.88	4.96	115.04	8.25	-95.71	1.88	1.93	-0.38	0.03	0.05	
67.00	-4.76	46.65	0.14	3.91	140.69	-221.28	-78.15	-88.56	53.98	29.33	-9.19	-0.84	85.35	-5.01	10.03	117.05	6.90	-103.60	1.68	0.09	-0.33	0.03	0.04	
68.00	-17.23	65.35	-1.17	-28.01	107.16	-277.30	-78.72	-83.39	52.00	25.21	-11.29	0.12	76.04	-3.42	11.15	117.74	6.21	-110.97	1.79	-1.49	-0.34	0.03	0.05	
69.00	1.53	2.94	29.19	50.07	-15.95	43.37	-75.08	-96.54	48.92	26.31	-6.23	0.84	80.24	-40.10	4.35	117.69	7.93	-117.58	1.78	-2.89	-0.39	0.03	0.04	
70.00	-13.55	8.43	-5.61	24.82	24.17	-266.04	-82.01	-85.07	48.97	24.69	-10.19	0.90	81.03	-48.12	-8.14	114.75	5.74	-123.15	1.70	-4.47	-0.31	0.03	0.05	
71.00	13.17	-92.79	57.84	208.22	-118.58	439.28	-76.42	-118.59	45.63	27.76	3.35	0.91	81.65	-89.44	-8.39	110.13	4.61	-127.67	1.79	-5.69	-0.35	0.03	0.05	
72.00	-22.52	-35.49	21.30	37.84	-5.64	65.33	-82.25	-100.68	46.07	17.04	-2.92	1.11	78.21	-58.00	-9.64	103.24	3.01	-130.96	1.53	-7.26	-0.25	0.03	0.05	
73.00	-2.98	-56.03	46.10	54.32	-110.08	352.45	-76.66	-110.77	43.07	14.87	2.78	1.67	79.50	-55.72	-6.96	95.36	3.37	-133.25	1.47	-8.57	-0.24	0.03	0.05	
74.00	-18.10	0.27	11.64	-18.43	-75.92	3.38	-70.97	-90.24	40.89	11.64	-4.06	1.49	66.26	-28.17	-7.85	86.74	2.04	-134.23	1.42	-9.88	-0.21	0.03	0.05	
75.00	-11.75	13.57	-2.47	-68.07	-14.98	-115.55	-63.62	-82.02	37.96	8.71	-6.22	1.36	73.09	-18.60	-11.54	76.68	1.82	-134.07	1.34	-11.05	-0.18	0.03	0.05	
76.00	21.56	-46.70	32.14	44.52	-92.98	266.76	-51.08	-97.53	32.87	14.95	2.31	0.53	75.67	-40.85	-11.98	65.79	3.74	-132.81	1.42	-11.96	-0.23	0.03	0.04	
77.00	8.26	-29.50	7.81	12.20	-87.22	35.60	-48.33	-85.16	29.97	15.07	1.53	-0.78	60.14	-33.53	-15.98	53.98	3.90	-130.31	1.38	-13.01	-0.13	0.03	0.04	
78.00	2.12	-15.70	0.51	3.66	-65.61	-34.44	-45.81	-80.05	26.04	7.51	-6.06	2.07	59.57	-28.07	-16.91	41.46	0.89	-126.91	1.46	-13.90	-0.21	0.02	0.05	
79.00	-3.11	-12.22	1.22	-7.00	-26.61	-20.31	-39.71	-75.93	21.24	-0.35	-8.62	3.39	57.91	-25.60	-18.17	30.14	-1.69	-122.33	1.53	-14.70	-0.29	0.02	0.06	
80.00	-5.34	-9.36	-5.67	-28.08	-20.83	-53.84	-35.15	-68.34	16.44	-0.40	-6.62	2.89	49.45	-22.21	-19.51	19.22	-1.87	-117.01	1.54	-15.49	-0.22	0.02	0.06	
81.00	2.03	-11.97	-7.79	-31.50	-19.60	-50.49	-28.79	-64.22	11.90	-1.04	-6.95	3.26	47.80	-20.73	-20.00	9.31	-2.47	-111.11	1.61	-16.22	-0.26	0.02	0.06	
82.00	-0.99	-15.20	-8.40	-42.24	-43.62	-30.98	-25.42	-59.04	7.48	-0.91	-6.02	3.08	37.23	-19.94	-20.69	0.18	-1.52	-104.77	1.70	-16.88	-0.28	0.03	0.06	
83.00	-8.57	-10.14	-11.34	-9.60	-74.26	-15.86	-20.54	-54.00	3.63	-1.87	-5.46	3.00	21.80	-13.54	-21.48	-7.04	-2.61	-98.32	1.76	-17.40	-0.31	0.02	0.07	
84.00	1.02	-8.76	-10.67	-13.36	-53.47	-13.23	-15.45	-50.29	0.32	-4.17	-6.46	3.21	26.28	-10.69	-19.92	-12.77	-4.47	-91.70	1.88	-17.74	-0.32	0.03	0.08	
85.00	10.02	-7.21	-14.63	-12.39	-40.92	-28.94	-14.05	-45.88	-2.50	-3.99	-5.55	2.57	31.62	-5.68	-19.29	-18.04	-4.33	-85.17	1.93	-17.83	-0.28	0.03	0.08	
86.00	0.51	-1.48	-16.61	10.78	-78.00	-33.38	-12.04	-41.33	-4.65	-5.48	-4.52	2.16	17.85	0.26	-17.58	-21.59	-5.06	-78.73	1.91	-17.65	-0.20	0.03	0.08	
87.00	-3.48	-0.09	-13.54	-1.86	-89.98	-37.34	-9.92	-36.52	-6.09	-12.36	-6.21	2.44	15.22	-1.95	-15.88	-23.91	-8.71	-72.30	1.97	-17.11	-0.17	0.03	0.09	
88.00	-15.20	2.02	-10.60	-14.26	-65.13	-24.82	-9.56	-33.12	-6.73	-19.41	-6.40	2.32	12.74	-0.76	-14.52	-25.61	-12.72	-65.96	1.97	-16.26	-0.19	0.04	0.10	
89.00	-17.45	2.62	-9.46	-32.08	-46.63	-9.48	-9.56	-29.55	-6.98	-23.64	-5.02	1.79	14.98	0.33	-14.70	-26.31	-15.25	-59.75	1.85	-15.24	-0.21	0.04	0.10	
90.00	-19.68	-5.86	-6.25	-37.97	-19.83	-1.96	-8.92	-26.02	-6.93	-26.69	-2.53	0.89	17.00	-5.62	-13.23	-26.25	-17.28	-53.57	1.67	-14.06	-0.22	0.05	0.09	
91.00	-36.49	-22.19	-3.06	-19.12	-42.94	-17.10	-7.64	-22.60	-6.61	-29.78	0.33	-0.20	3.00	-17.97	-9.98	-25.38	-19.10	-47.61	1.42	-12.68	-0.24	0.05	0.09	
92.00	-14.70	2.92	-4.19	-56.53	-69.59	71.45	-0.81	-19.09	-6.39	-35.47	2.60	-0.98	13.12	7.28	-16.25	-22.72	-22.69	-41.69	1.10	-11.33	-0.29	0.06	0.08	
93.00	-14.02	-6.83	-5.21	-54.00	-24.44	57.40	3.27	-15.79	-6.27	-38.80	6.13	-1.86	16.70	0.62	-16.93	-20.43	-25.46	-36.08	0.78	-10.07	-0.27	0.05	0.07	
94.00	-18.35	-31.87	-2.37	-23.16	2.53	40.50	6.89	-14.27	-6.07	-40.20	10.82	-2.78	14.77	-17.56	-14.65	-18.08	-27.29	-30.71	0.32	-8.82	-0.27	0.05	0.05	
95.00	-2.18	-52.77	11.60	29.59	-66.37	197.21	16.41	-17.29	-6.22	-40.45	18.40	-3.84	13.34	-23.04	-15.87	-14.79	-28.66	-25.61	-0.25	-7.59	-0.35	0.05	0.03	
96.00	-3.55	-36.67	1.70	17.71	-8.88	130.53	21.62	-10.73	-5.91	-42.23	17.32	-3.69	13.36	-15.84	-18.66	-11.05	-29.80	-20.95	-0.37	-6.60	-0.20	0.04	0.03	
97.00	-9.48	-34.78	-5.62	50.58	39.20	67.02	25.16	-5.79	-5.19	-44.13	18.80	-3.47	10.27	-17.86	-20.16	-7.80	-30.90	-16.52	-0.69	-5.43	0.13	0.05	0.03	
98.00	-16.80	-19.41	-18.00	35.71	98.93	-44.95	25.50	0.72	-4.48	-46.03	15.42	-2.70	10.45	-11.68	-21.35	-5.48	-31.05	-12.83	-0.78	-4.49	0.37	0.05	0.03	
99.00	-18.81	-13.15	-15.33	30.65	119.70	-41.99	27.87	1.71	-4.28	-48.09	10.98	-1.88	10.22	-9.59	-21.34	-3.46	-31.19	-9.78	-1.13	-3.74	0.49	0.05	0.02	
100.00	-6.67	-66.44	38.01	154.36	-17.83	374.79	40.88	-13.86	-5.50	-50.24	15.37	-2.02	-1.40	-40.41	-19.22	-1.17	-32.83	-7.03	-2.66	-2.96	0.59	0.06	-0.04	
