gaitPhase	pelvis_tilt_moment	pelvis_list_moment	pelvis_rotation_moment	pelvis_tx_force	pelvis_ty_force	pelvis_tz_force	hip_flexion_r_moment	hip_adduction_r_moment	hip_rotation_r_moment	hip_flexion_l_moment	hip_adduction_l_moment	hip_rotation_l_moment	lumbar_extension_moment	lumbar_bending_moment	lumbar_rotation_moment	knee_angle_r_moment	knee_angle_l_moment	ankle_angle_r_moment	ankle_angle_l_moment	subtalar_angle_r_moment	subtalar_angle_l_moment	mtp_angle_r_moment	mtp_angle_l_moment	
1.00	0.18	-21.36	-3.56	-13.51	28.01	23.41	-3.46	-3.74	0.01	-10.58	-36.03	-1.17	32.75	12.97	-0.66	-4.44	-37.84	0.84	-60.61	-0.49	12.63	0.03	0.03	
2.00	-16.55	-3.75	-2.00	9.23	8.13	-9.92	-5.69	-2.66	-0.98	-11.24	-37.27	-0.75	20.11	17.67	8.65	-4.06	-37.76	2.13	-61.30	-0.93	12.23	0.02	0.03	
3.00	-8.35	-10.05	-4.32	-4.64	-43.75	-7.43	-10.66	-4.19	-0.36	-8.70	-33.44	-0.53	23.47	14.12	3.56	-6.78	-35.78	3.47	-61.70	-0.89	12.13	0.03	0.03	
4.00	-18.94	-6.73	2.84	-13.60	-40.34	0.77	-13.45	-0.22	-0.03	-8.16	-28.33	-0.59	15.44	10.59	6.77	-7.89	-33.80	5.45	-61.45	-0.82	11.75	0.04	0.03	
5.00	-9.75	-15.78	-6.47	0.95	-47.73	-2.79	-16.77	-4.37	1.10	-3.76	-23.49	-0.28	22.02	5.91	-4.05	-7.90	-30.12	6.50	-60.84	-0.75	11.59	0.04	0.03	
6.00	-19.80	-13.83	-0.82	-4.08	-20.98	-0.38	-19.86	-9.57	1.98	-4.21	-18.75	0.66	18.67	5.22	1.94	-7.06	-27.96	6.45	-59.33	-0.55	11.66	0.03	0.03	
7.00	-10.51	-12.61	-8.43	-3.27	-22.51	-8.64	-21.16	-12.40	2.64	-2.28	-14.60	1.00	27.13	5.49	-6.08	-5.58	-24.75	6.24	-56.83	-0.33	11.42	0.03	0.03	
8.00	-16.81	-6.02	-1.80	9.28	-33.51	-4.79	-23.18	-11.85	3.82	-0.29	-9.47	1.10	18.63	5.99	-0.68	-5.38	-21.78	5.81	-53.71	0.14	11.05	0.03	0.03	
9.00	-9.89	-8.25	-0.80	14.46	-41.67	-19.99	-24.76	-12.93	4.62	2.78	-5.51	0.95	22.20	1.69	-0.16	-4.93	-18.52	5.40	-50.39	0.32	10.28	0.03	0.03	
10.00	-11.50	-4.94	3.41	19.34	-37.39	-5.57	-26.15	-16.87	5.22	2.68	-3.32	1.02	22.62	3.14	2.74	-5.33	-16.39	4.86	-47.16	0.25	9.45	0.03	0.03	
11.00	-21.09	-6.56	0.26	-14.49	-36.45	-10.07	-29.56	-19.43	5.16	1.84	-2.33	1.29	17.88	-0.27	1.26	-5.54	-14.44	4.25	-44.04	0.16	8.75	0.03	0.03	
12.00	-25.82	-4.34	1.96	-29.65	-2.78	-10.00	-30.88	-22.15	5.31	1.85	-0.55	1.88	19.22	1.74	3.79	-6.15	-12.09	3.39	-41.49	0.14	8.24	0.03	0.03	
13.00	-4.60	-7.20	1.97	2.83	-21.45	-6.55	-28.04	-22.55	5.38	3.99	0.87	1.91	28.28	-1.82	0.15	-7.25	-10.19	2.49	-39.01	0.08	7.77	0.03	0.03	
14.00	-11.26	-12.25	0.22	18.35	-38.76	-5.37	-29.76	-26.44	5.07	4.68	2.03	1.66	22.34	-3.78	-1.49	-8.30	-8.47	1.70	-36.54	-0.31	7.16	0.03	0.03	
15.00	-9.47	-9.47	2.04	3.00	-30.72	1.84	-29.82	-28.65	4.97	4.87	2.87	1.72	24.64	-2.66	-0.19	-8.63	-6.77	0.84	-34.02	-0.47	6.73	0.03	0.03	
16.00	-7.90	-6.29	0.61	8.51	-11.41	-9.01	-28.28	-30.24	4.62	3.91	2.01	1.81	26.97	-1.17	-0.22	-9.02	-6.02	-0.13	-31.81	-0.74	6.16	0.03	0.03	
17.00	-11.64	-5.79	0.29	1.53	-54.98	-2.03	-29.33	-31.94	4.70	4.26	2.53	1.70	20.31	-0.83	-1.02	-9.70	-4.95	-1.24	-29.73	-0.79	5.54	0.03	0.03	
18.00	-10.20	-4.10	1.52	6.57	-13.34	1.75	-29.18	-34.28	4.71	3.58	2.38	1.57	26.40	0.09	-0.30	-10.22	-4.42	-2.33	-27.90	-0.80	5.04	0.03	0.03	
19.00	-14.71	-5.43	2.05	12.96	14.69	1.09	-29.13	-36.59	4.40	2.13	2.44	1.42	26.04	-0.75	0.46	-10.64	-3.94	-3.40	-26.14	-1.07	4.61	0.03	0.03	
20.00	-14.95	-7.67	1.18	15.33	-5.13	-10.46	-29.22	-38.53	4.24	2.86	2.66	1.33	23.33	-3.01	0.60	-11.16	-3.01	-4.78	-24.11	-1.19	4.08	0.03	0.03	
21.00	-19.90	-9.15	1.71	25.53	-54.21	-15.23	-29.06	-40.84	4.34	4.51	2.89	0.87	12.68	-4.92	1.04	-11.55	-1.93	-6.22	-21.91	-1.16	3.55	0.03	0.03	
22.00	-18.84	-9.80	-0.33	22.70	-90.98	-9.66	-30.28	-43.02	4.41	4.65	3.06	0.69	11.45	-5.30	-1.25	-12.28	-1.35	-7.79	-19.51	-1.17	3.06	0.03	0.03	
23.00	-13.66	-5.20	-0.16	-12.82	-20.72	-6.86	-29.44	-46.38	4.16	3.09	1.71	0.47	22.73	-2.38	-1.60	-12.50	-1.32	-9.28	-16.72	-1.34	2.48	0.03	0.03	
24.00	-21.32	-7.36	3.90	-15.41	5.67	-7.84	-29.11	-49.77	4.01	0.84	1.25	0.21	20.17	-5.51	2.03	-12.79	-1.71	-10.87	-14.04	-1.51	2.03	0.03	0.04	
25.00	-11.29	-8.14	0.22	-8.19	-22.27	-10.38	-28.38	-51.44	3.68	2.36	0.70	0.02	24.81	-7.02	-1.86	-13.12	-0.98	-12.56	-11.48	-1.71	1.68	0.03	0.03	
26.00	-7.50	-9.39	2.21	12.99	-41.22	-0.69	-26.88	-55.07	3.80	4.09	0.92	-0.41	23.25	-7.14	-1.77	-13.81	-0.21	-14.42	-8.94	-1.77	1.29	0.03	0.03	
27.00	-1.47	-6.27	-1.08	18.81	-47.93	-10.96	-25.73	-56.85	3.37	4.44	-0.24	-0.02	26.00	-6.35	-2.83	-14.51	-1.30	-16.25	-6.45	-2.08	0.94	0.03	0.04	
28.00	-5.40	-4.20	0.61	1.74	1.91	0.46	-25.06	-59.75	2.82	3.42	-1.24	0.05	29.15	-5.19	-2.05	-14.99	-1.54	-17.92	-4.46	-2.62	0.70	0.03	0.04	
29.00	-7.77	-6.50	0.62	8.01	-45.95	-5.48	-26.15	-61.43	2.21	4.02	-2.21	0.42	21.94	-8.04	-1.07	-16.49	-2.44	-19.18	-2.69	-3.16	0.54	0.03	0.04	
30.00	-10.11	-8.59	1.59	-12.87	-52.40	-1.50	-24.96	-63.30	1.58	2.63	-2.15	0.33	21.86	-9.80	-2.39	-16.52	-2.33	-20.43	-1.25	-3.74	0.25	0.03	0.04	
31.00	-15.65	-4.03	1.48	0.91	-9.50	-6.30	-24.63	-65.24	0.85	3.22	-4.21	0.81	20.14	-7.97	-1.21	-18.09	-2.41	-21.89	-0.56	-4.29	0.12	0.03	0.04	
32.00	-12.90	-9.31	1.43	-9.09	-5.41	1.31	-23.54	-66.80	0.64	3.47	-3.15	0.03	22.15	-10.03	-3.84	-18.60	-1.79	-23.35	-0.17	-4.51	0.01	0.03	0.03	
33.00	-8.84	-7.51	1.37	-1.48	24.86	1.91	-24.28	-68.77	0.25	7.06	-5.02	0.55	25.86	-9.24	-2.23	-19.89	-1.38	-24.99	0.26	-4.88	-0.03	0.03	0.03	
34.00	-2.58	-16.16	-0.65	-1.69	-57.57	6.69	-23.86	-69.74	-0.23	9.81	-2.78	-0.59	21.38	-12.19	-5.47	-20.46	-0.41	-26.83	0.68	-5.32	-0.10	0.03	0.03	
35.00	-8.76	-11.10	0.63	10.38	-76.48	-22.25	-20.31	-69.03	-0.92	6.39	-5.97	0.99	13.72	-13.39	-2.11	-21.13	-2.00	-28.80	0.75	-5.64	-0.13	0.03	0.03	
36.00	-7.76	-9.57	3.62	11.42	-33.19	-6.17	-21.38	-70.57	-1.50	9.34	-5.88	0.74	17.34	-11.24	0.68	-22.67	-1.36	-30.69	0.96	-6.05	-0.11	0.03	0.04	
37.00	-17.93	-5.46	3.78	6.20	21.92	-7.68	-22.27	-70.50	-2.12	6.76	-7.23	1.27	17.43	-9.94	0.82	-24.51	-2.17	-32.68	0.92	-6.51	-0.17	0.03	0.03	
38.00	-11.91	-12.07	3.41	-2.10	-21.86	-8.29	-21.39	-71.10	-2.24	6.77	-6.54	1.23	17.90	-13.36	-0.95	-25.59	-1.98	-34.81	0.90	-6.63	-0.19	0.03	0.03	
39.00	-7.90	-11.62	0.20	3.24	-73.31	-10.99	-22.38	-70.44	-3.03	9.27	-5.54	0.79	14.84	-11.85	-2.19	-27.65	-1.17	-36.69	0.98	-7.17	-0.19	0.03	0.03	
40.00	-11.00	-9.88	2.18	-10.38	-60.36	-8.83	-22.04	-70.50	-3.73	7.13	-7.12	1.23	15.27	-12.43	-1.55	-28.80	-1.98	-38.42	1.00	-7.65	-0.20	0.03	0.04	
41.00	-5.78	-10.96	2.06	-4.44	23.48	-12.90	-19.75	-70.07	-4.27	7.91	-7.45	1.23	24.98	-14.82	-1.69	-29.36	-1.89	-40.32	1.09	-7.96	-0.19	0.03	0.04	
42.00	-1.07	-9.02	0.09	2.18	-17.61	-16.43	-18.08	-69.77	-4.72	7.91	-7.09	1.08	23.62	-13.08	-3.03	-30.68	-1.64	-42.35	1.16	-8.33	-0.24	0.03	0.04	
43.00	-8.34	-10.14	1.63	5.59	-51.82	-10.67	-16.93	-69.32	-5.17	5.69	-6.19	0.71	15.38	-13.85	-3.27	-31.21	-2.12	-44.06	1.15	-8.71	-0.22	0.03	0.04	
44.00	-10.90	-8.76	2.92	16.29	-62.53	-18.59	-16.90	-68.94	-5.55	6.46	-6.09	0.86	10.88	-13.96	-0.52	-32.64	-1.52	-45.83	1.03	-8.96	-0.23	0.03	0.04	
45.00	-5.89	-6.70	2.03	2.68	21.39	-7.92	-17.85	-69.28	-5.87	7.87	-6.95	0.61	23.12	-13.48	-2.39	-34.21	-1.14	-47.44	1.21	-9.15	-0.22	0.03	0.04	
46.00	-7.33	-8.25	2.19	-1.38	-15.38	-9.55	-15.57	-67.89	-6.32	5.18	-4.88	0.44	18.80	-13.93	-2.09	-34.48	-1.61	-48.92	1.04	-9.53	-0.16	0.03	0.04	
47.00	-9.76	-15.74	0.16	5.51	-35.20	-12.97	-14.85	-67.29	-6.70	3.45	-2.27	0.01	15.48	-17.98	-4.36	-35.30	-2.75	-50.48	0.95	-9.83	-0.10	0.03	0.04	
48.00	-5.44	-8.04	-0.79	9.49	-39.88	-18.52	-13.68	-66.27	-7.13	2.67	-5.35	0.31	17.94	-14.37	-4.15	-35.75	-2.93	-51.75	0.84	-10.12	-0.13	0.03	0.03	
49.00	-2.33	-3.59	-0.50	-0.62	-7.41	-6.44	-13.43	-65.88	-7.33	1.00	-4.59	0.22	24.98	-9.66	-2.96	-35.92	-4.00	-52.91	0.70	-10.34	-0.13	0.03	0.03	
50.00	-1.84	-9.16	0.81	-5.56	-22.88	-7.69	-10.95	-64.61	-7.12	-0.09	-2.71	0.13	22.95	-12.58	-2.67	-35.36	-3.71	-54.02	0.68	-10.38	-0.11	0.03	0.03	
51.00	-5.70	-8.41	2.75	9.95	-56.86	-8.50	-9.00	-63.37	-7.04	-0.88	-3.60	-0.00	15.34	-14.53	-2.08	-35.02	-3.86	-55.15	0.61	-10.52	-0.14	0.03	0.02	
52.00	-2.68	-7.10	1.11	4.25	-21.13	-21.77	-9.60	-61.50	-7.26	0.26	-4.87	-0.19	21.11	-15.19	-2.43	-35.62	-2.88	-56.29	0.81	-10.79	-0.28	0.03	0.02	
53.00	-3.15	-2.57	1.52	-0.90	-11.99	-11.78	-7.94	-59.70	-7.50	-3.04	-4.01	-0.56	23.03	-9.74	-1.50	-35.16	-4.77	-57.19	1.15	-11.14	-0.16	0.03	0.02	
54.00	-9.12	-6.40	0.01	4.55	17.41	-15.39	-6.70	-55.35	-7.38	-5.09	-1.58	-0.80	21.21	-10.79	-2.27	-34.44	-5.13	-57.29	2.19	-11.10	0.29	0.03	0.03	
55.00	-8.36	-7.45	2.83	-16.73	-18.46	-0.06	-4.45	-50.27	-6.46	-10.01	1.38	-0.64	21.66	-6.23	-0.06	-32.23	-5.93	-56.99	2.24	-10.43	1.01	0.03	0.03	
56.00	-7.49	-9.02	2.21	-3.01	-77.26	-5.67	-0.92	-42.27	-5.49	-15.46	1.17	-0.22	17.91	-6.74	-0.62	-29.36	-7.55	-55.89	2.13	-9.63	1.73	0.03	0.04	
57.00	-9.91	-9.81	1.28	-11.73	-56.78	-4.13	-0.09	-35.63	-4.73	-18.35	1.83	0.56	19.66	-3.21	0.44	-26.69	-7.59	-54.12	1.29	-8.91	2.85	0.03	0.04	
58.00	-13.77	-7.57	-0.13	15.64	-32.70	-4.05	0.78	-27.85	-3.81	-18.74	1.65	1.42	16.43	-0.39	2.06	-24.27	-7.45	-51.69	-0.15	-7.93	4.12	0.03	0.03	
59.00	-8.61	-7.40	-4.06	1.12	-25.23	0.10	2.10	-21.40	-2.87	-21.70	1.32	2.07	23.55	3.33	-1.48	-21.33	-8.03	-48.74	-1.75	-6.92	5.21	0.03	0.04	
60.00	-15.40	-12.19	0.48	0.19	-19.70	11.33	2.57	-16.54	-2.00	-25.99	0.41	2.49	21.11	0.50	0.87	-18.52	-9.64	-45.24	-3.62	-6.15	6.19	0.03	0.03	
61.00	-16.60	-13.05	-1.09	12.15	-54.25	1.47	4.94	-12.02	-1.25	-28.25	-1.05	2.83	15.70	0.74	0.14	-15.45	-10.80	-41.85	-5.60	-5.51	6.99	0.03	0.03	
62.00	-16.31	-9.64	-2.30	7.27	-0.45	1.99	3.67	-9.36	-0.74	-28.68	-2.86	3.00	22.56	4.84	0.13	-13.42	-11.61	-38.75	-7.29	-5.06	7.49	0.03	0.03	
63.00	-18.70	-11.61	-3.36	14.07	-43.99	7.33	4.77	-7.20	-0.40	-29.89	-4.62	2.81	16.43	4.82	-1.75	-10.87	-12.93	-35.76	-8.95	-4.75	7.81	0.03	0.03	
64.00	-25.84	-7.76	0.21	17.97	-95.08	9.00	5.60	-4.56	-0.19	-32.25	-5.63	3.08	6.37	7.94	2.80	-8.99	-14.85	-33.11	-10.93	-4.50	8.41	0.03	0.03	
65.00	-21.31	-11.63	-1.25	7.11	-51.34	3.81	4.73	-4.28	-0.08	-31.39	-7.86	3.13	13.85	5.93	0.65	-7.46	-15.84	-30.66	-12.84	-4.23	8.96	0.03	0.03	
66.00	-12.72	-9.61	-5.18	-1.68	24.93	-4.63	2.26	-4.05	-0.04	-30.12	-10.46	3.52	29.47	8.95	-0.86	-6.58	-16.99	-28.36	-14.73	-3.96	9.49	0.03	0.03	
67.00	-25.13	-15.04	-1.42	-12.42	14.65	10.08	2.45	-3.51	0.05	-31.91	-10.73	3.44	20.58	5.26	0.60	-4.69	-18.22	-26.40	-16.66	-3.71	9.94	0.03	0.03	
68.00	-27.10	-12.85	-1.02	-13.51	-44.78	20.51	3.44	-2.77	0.13	-33.53	-11.60	3.43	13.72	7.85	-1.32	-3.36	-18.92	-24.65	-18.52	-3.40	10.27	0.03	0.03	
69.00	-17.30	-12.65	-2.04	2.79	-77.59	5.09	4.43	-0.11	-0.33	-31.85	-13.66	3.31	16.00	6.21	-0.08	-2.20	-19.30	-22.97	-20.46	-3.09	10.59	0.03	0.03	
70.00	-19.33	-9.74	-4.14	10.05	-24.62	3.21	3.05	-0.20	-0.80	-30.47	-15.79	3.33	19.15	8.97	-0.08	-1.85	-20.35	-21.27	-22.33	-2.98	10.94	0.03	0.03	
71.00	-7.80	-13.34	-5.36	-10.07	-8.48	4.87	2.06	-0.89	-0.50	-31.14	-16.94	3.35	33.60	9.57	-0.28	-0.90	-21.47	-19.49	-24.51	-2.72	11.17	0.03	0.03	
72.00	-3.40	-12.03	-4.85	-22.97	-49.91	-2.33	3.40	0.41	-0.60	-31.38	-19.15	3.35	31.35	9.63	-0.82	0.19	-22.79	-17.65	-26.65	-2.37	11.43	0.03	0.03	
73.00	-8.38	-14.93	-3.45	-1.42	-67.42	-2.01	3.14	-4.65	-0.22	-32.68	-22.18	3.44	27.81	8.43	-0.53	0.06	-24.25	-15.93	-28.91	-2.14	11.78	0.03	0.03	
74.00	-16.59	-10.05	-3.14	20.93	11.74	-6.27	4.08	2.60	-0.66	-31.15	-23.41	3.23	25.29	10.47	1.84	-0.01	-25.38	-13.77	-31.46	-1.79	12.15	0.04	0.03	
75.00	-18.98	-11.62	-8.08	18.05	-3.56	2.73	2.00	0.94	-0.48	-30.92	-25.73	3.05	24.06	11.65	-3.01	-0.30	-27.10	-11.12	-34.12	-1.51	12.44	0.04	0.03	
76.00	-25.54	-14.11	-4.69	-21.02	-69.06	-1.75	1.94	-0.66	-0.24	-33.56	-29.34	3.09	14.65	9.15	-1.23	-0.59	-28.92	-8.28	-36.93	-1.18	12.81	0.04	0.03	
77.00	-17.47	-9.40	-3.92	-1.02	-73.45	-0.72	6.39	-1.07	-0.47	-30.76	-33.16	3.14	14.43	12.30	0.26	0.74	-29.73	-5.50	-39.57	-0.78	13.17	0.04	0.03	
78.00	-18.29	-14.30	-4.95	-23.70	-23.03	-3.04	0.79	-3.17	-0.46	-33.02	-35.66	2.99	28.31	11.29	0.11	-2.44	-31.69	-2.96	-41.99	-0.53	13.53	0.04	0.03	
79.00	-32.32	-9.39	-6.21	-121.56	46.44	-12.45	2.59	-0.06	-1.03	-38.90	-37.56	3.20	27.90	15.01	-0.09	-0.89	-33.29	-1.27	-44.22	-0.29	13.82	0.04	0.03	
80.00	-13.89	-13.43	-1.03	-8.41	-40.54	11.52	5.89	-6.31	0.26	-30.79	-40.30	2.44	23.80	13.70	2.47	-0.62	-33.97	-0.10	-46.04	-0.21	13.77	0.04	0.03	
81.00	-15.73	-11.85	-4.51	-44.75	-20.49	-7.06	8.00	-2.89	-0.09	-33.23	-41.69	2.20	24.71	13.16	-1.27	-0.37	-35.20	0.67	-47.49	-0.11	13.61	0.04	0.03	
82.00	-16.53	-10.65	-7.61	9.67	-35.64	-6.05	5.69	-5.60	0.73	-28.18	-44.11	1.95	19.21	15.20	-0.39	-1.19	-36.15	1.00	-48.72	-0.16	13.59	0.04	0.03	
83.00	-22.35	-12.78	-0.90	22.31	-18.25	3.97	9.13	-6.33	0.95	-30.45	-44.02	1.46	15.91	13.27	3.49	-0.31	-36.86	0.99	-49.83	-0.14	13.50	0.03	0.03	
84.00	-25.26	-9.13	-0.49	23.57	-18.47	14.18	9.57	-5.76	0.91	-30.67	-44.85	1.23	13.13	14.69	3.19	-0.46	-37.94	0.82	-50.82	-0.19	13.45	0.03	0.03	
85.00	-9.01	-12.05	-3.40	-13.70	-62.70	-4.40	10.82	-5.16	0.38	-29.98	-45.36	0.98	20.59	12.02	0.03	-0.11	-38.78	1.02	-51.78	-0.16	13.34	0.03	0.03	
86.00	-11.51	-14.64	-3.71	9.46	-13.76	-1.47	12.49	-5.57	0.51	-28.33	-45.78	0.68	21.02	10.18	-0.78	0.42	-38.75	1.03	-52.66	-0.20	13.36	0.03	0.03	
87.00	-12.87	-10.48	0.68	9.08	-16.37	6.28	11.37	-4.47	0.48	-26.93	-45.85	0.46	18.64	10.94	2.98	-0.54	-38.71	1.02	-53.50	-0.17	13.51	0.03	0.03	
88.00	-13.84	-8.48	-1.94	-2.64	-14.01	3.34	8.20	-6.01	1.00	-26.39	-46.46	0.44	21.22	14.38	3.09	-1.20	-39.79	0.91	-54.27	-0.20	13.69	0.03	0.03	
89.00	-12.39	-11.30	-4.04	6.54	-62.70	-5.09	8.97	-5.69	0.73	-25.91	-46.23	0.27	15.84	12.50	1.22	-1.34	-40.27	1.20	-55.00	-0.19	13.72	0.04	0.03	
90.00	-9.95	-11.71	-1.28	-1.98	-24.94	7.00	6.77	-5.39	1.02	-24.68	-45.94	-0.19	23.99	12.61	3.23	-1.77	-40.17	1.08	-55.71	-0.20	13.64	0.04	0.03	
91.00	-12.88	-10.55	-1.02	-18.10	17.06	9.68	7.16	-7.16	1.06	-25.88	-46.91	-0.59	25.74	14.93	2.69	-1.82	-41.34	1.20	-56.25	-0.23	13.54	0.04	0.03	
92.00	-13.47	-11.63	-4.62	-13.08	-1.26	3.98	4.57	-6.81	0.91	-23.75	-46.92	-0.80	23.45	15.13	1.22	-2.64	-41.05	1.19	-56.75	-0.20	13.52	0.05	0.03	
93.00	-17.35	-10.03	-4.22	5.32	-45.91	6.78	1.64	-4.41	0.53	-21.01	-46.72	-0.94	16.56	14.57	2.93	-3.71	-40.83	1.02	-57.03	-0.16	13.39	0.04	0.03	
94.00	-14.27	-9.15	-4.00	7.59	-48.32	9.49	2.71	-5.33	0.45	-21.18	-46.74	-1.20	17.99	16.57	2.64	-2.87	-41.21	1.02	-57.31	-0.17	13.20	0.04	0.03	
95.00	-12.08	-6.74	-2.95	-8.92	9.15	16.76	1.01	-4.88	0.01	-20.12	-46.46	-1.63	25.84	18.37	3.12	-3.54	-41.12	0.93	-57.64	-0.17	12.97	0.04	0.03	
96.00	-6.45	-8.33	-4.29	-4.20	3.30	2.49	0.99	-3.95	-0.11	-19.56	-45.46	-1.68	29.73	18.14	2.56	-3.78	-41.13	0.84	-58.39	-0.15	12.79	0.04	0.03	
97.00	-15.08	-10.19	-3.85	6.58	-40.85	0.74	-0.70	-1.89	-0.13	-18.62	-44.51	-1.48	18.89	14.70	3.11	-4.02	-40.93	0.69	-59.43	-0.08	12.79	0.03	0.03	
98.00	-16.20	-11.48	-3.14	1.33	-48.11	9.04	-2.41	-2.30	-0.00	-15.01	-43.16	-1.48	15.04	13.77	2.88	-4.04	-39.87	0.55	-60.56	-0.05	12.77	0.03	0.03	
99.00	-5.42	-11.03	-3.40	-1.21	-20.62	12.63	-2.11	-3.59	0.29	-12.69	-42.01	-1.57	24.37	15.81	2.31	-3.42	-39.52	0.55	-61.62	-0.04	12.55	0.02	0.03	
100.00	8.01	-22.85	-1.72	-39.28	13.34	16.49	0.97	-3.86	-0.11	-13.17	-38.71	-1.70	36.36	9.72	-0.25	-1.77	-39.51	0.85	-63.04	-0.45	12.50	0.02	0.03	
