gaitPhase	pelvis_tilt_moment	pelvis_list_moment	pelvis_rotation_moment	pelvis_tx_force	pelvis_ty_force	pelvis_tz_force	hip_flexion_r_moment	hip_adduction_r_moment	hip_rotation_r_moment	hip_flexion_l_moment	hip_adduction_l_moment	hip_rotation_l_moment	lumbar_extension_moment	lumbar_bending_moment	lumbar_rotation_moment	knee_angle_r_moment	knee_angle_l_moment	ankle_angle_r_moment	ankle_angle_l_moment	subtalar_angle_r_moment	subtalar_angle_l_moment	mtp_angle_r_moment	mtp_angle_l_moment	
0.00	138.21	274.83	203.73	381.07	632.65	1839.60	38.71	76.79	5.82	20.13	59.78	7.56	39.45	118.75	16.86	5.91	5.70	0.39	1.71	0.53	0.93	0.02	0.06	
0.00	62.70	121.66	84.95	153.97	288.92	740.53	19.84	34.68	3.26	11.60	24.23	3.59	27.54	56.65	10.86	5.67	6.57	0.26	2.91	0.30	1.79	0.02	0.04	
0.00	62.80	100.47	76.84	168.47	295.77	683.75	18.51	28.46	3.01	18.30	19.77	3.54	25.79	47.26	8.33	3.97	7.45	0.24	3.98	0.30	2.17	0.01	0.03	
0.00	83.06	131.42	114.32	250.85	395.64	997.63	28.67	39.52	5.28	23.51	26.99	4.61	32.27	60.69	13.75	6.91	8.66	1.05	4.82	0.47	2.17	0.02	0.06	
0.00	222.77	349.48	294.04	556.99	1024.00	2576.09	57.83	105.08	10.53	36.56	67.51	9.01	54.79	156.37	18.37	10.84	16.97	4.01	7.70	0.94	2.45	0.03	0.28	
0.00	149.20	219.35	178.88	309.73	638.54	1559.28	33.26	67.76	5.99	24.14	42.42	6.04	43.85	97.34	10.44	6.80	11.85	5.49	6.30	0.55	2.69	0.01	0.11	
0.00	114.41	184.71	154.36	271.15	546.97	1281.34	26.31	55.64	5.40	16.85	36.21	4.94	36.49	89.67	11.43	4.92	11.38	6.54	9.72	0.47	3.44	0.01	0.14	
0.00	193.59	281.99	232.94	386.69	855.31	1993.98	41.59	89.35	7.05	29.06	59.15	7.96	58.22	123.36	20.37	8.54	15.60	7.19	12.24	0.53	4.44	0.03	0.18	
0.00	298.85	398.06	332.39	552.13	1294.96	2790.44	43.50	128.65	7.52	46.37	73.46	11.36	78.28	173.22	21.62	9.26	10.02	7.40	10.13	0.61	5.06	0.02	0.09	
0.00	226.46	301.80	254.02	445.26	997.50	2190.71	35.90	92.25	6.65	31.53	50.88	7.84	65.25	137.85	14.89	5.29	11.37	6.77	12.33	0.65	5.71	0.01	0.02	
0.00	235.37	298.00	260.01	468.22	1033.24	2240.62	37.91	96.83	7.05	23.11	51.94	8.83	71.20	128.66	18.25	5.33	13.51	6.31	12.95	0.67	6.02	0.01	0.03	
0.00	406.11	469.64	436.07	766.81	1698.54	3732.59	71.72	153.49	13.32	53.01	76.92	13.11	108.98	201.98	25.58	7.48	14.35	5.85	12.06	1.19	6.13	0.02	0.03	
0.00	213.18	267.38	223.63	488.94	949.83	1977.13	44.14	78.77	8.57	34.85	39.47	9.98	84.44	133.81	23.41	5.19	9.33	5.43	11.84	0.78	6.13	0.02	0.02	
0.00	80.51	97.12	73.48	179.35	325.46	631.46	15.80	27.39	2.70	15.26	14.81	9.43	52.47	54.48	15.52	2.50	9.48	5.85	11.24	0.29	6.33	0.01	0.01	
0.00	103.21	77.47	75.49	190.55	298.19	623.02	15.67	24.56	3.62	19.29	16.05	9.32	57.22	38.39	12.85	2.99	10.49	5.91	11.03	0.35	6.79	0.01	0.01	
0.00	127.07	108.08	93.02	216.89	364.57	754.36	15.82	33.30	3.74	17.01	22.06	9.29	72.52	54.75	14.74	2.99	9.41	6.06	10.85	0.44	7.16	0.01	0.01	
0.00	135.84	127.98	121.78	317.26	437.82	1054.32	23.24	42.17	4.99	23.22	20.43	8.80	55.53	60.08	12.61	2.97	10.89	6.28	10.02	0.55	7.44	0.01	0.01	
0.00	98.73	105.16	95.94	229.80	330.94	816.11	17.15	33.92	3.90	18.06	20.86	9.25	40.90	48.75	13.56	3.64	12.13	5.91	9.11	0.56	7.55	0.02	0.01	
0.00	147.68	180.85	153.48	373.99	564.01	1377.13	22.53	58.70	5.21	20.66	32.47	9.67	46.48	79.44	12.86	3.88	12.75	5.53	8.59	0.79	7.47	0.02	0.02	
0.00	324.02	285.78	274.32	775.68	925.85	2415.87	56.66	95.78	10.74	53.40	41.70	10.20	101.76	126.00	15.77	5.53	18.71	5.27	8.98	1.23	7.17	0.05	0.02	
0.00	385.23	401.89	354.23	961.96	1228.64	3128.00	62.76	132.62	11.98	54.88	68.44	12.28	113.77	173.54	15.39	7.53	18.19	4.99	9.09	1.52	6.69	0.05	0.03	
0.00	309.94	317.19	283.32	789.54	1003.07	2498.14	51.24	104.08	9.97	45.93	54.94	11.91	95.95	141.68	12.22	6.54	16.65	4.68	9.20	1.37	6.15	0.03	0.02	
0.00	389.76	470.42	383.44	1125.25	1288.43	3515.51	69.36	152.92	13.92	54.24	87.33	14.05	117.66	188.45	15.95	9.36	18.48	4.73	9.35	1.96	5.58	0.03	0.04	
0.00	314.77	406.32	324.07	923.26	1278.51	2925.07	47.34	128.21	10.91	36.50	83.72	13.21	96.14	174.89	13.79	8.19	16.35	5.03	10.22	2.02	4.85	0.03	0.04	
0.00	131.82	181.61	128.98	385.96	541.25	1193.78	21.25	56.37	5.28	22.85	38.75	9.48	43.30	75.28	7.68	5.29	14.97	5.31	12.02	1.90	4.11	0.02	0.02	
0.00	90.73	120.38	89.58	259.30	361.19	815.17	16.02	36.34	4.15	23.16	28.84	7.99	41.08	48.75	7.44	3.02	12.86	5.33	13.73	2.13	3.56	0.01	0.01	
0.00	40.82	49.73	35.15	136.49	170.17	305.32	10.05	15.13	4.46	14.87	15.23	7.20	32.25	22.91	9.04	3.51	11.42	5.03	14.89	2.33	3.13	0.01	0.01	
0.00	29.60	27.79	18.69	98.14	162.06	156.74	9.32	9.36	3.52	12.53	10.39	6.09	25.11	15.04	5.62	3.62	9.75	4.35	15.04	2.53	2.86	0.01	0.01	
0.00	28.28	20.13	15.73	77.54	119.20	119.22	10.42	9.73	4.14	13.59	8.65	5.36	23.98	11.91	7.45	3.03	8.46	3.39	14.62	2.78	2.46	0.01	0.01	
0.00	29.61	18.38	11.93	71.97	125.93	67.56	7.91	7.64	4.05	15.49	8.28	4.92	23.84	12.48	7.00	2.74	8.74	2.32	14.26	2.97	2.02	0.01	0.01	
0.00	25.89	15.16	11.80	58.43	132.23	57.49	7.87	7.05	4.42	12.74	7.16	4.18	23.23	11.93	7.11	2.83	9.20	1.19	14.16	2.98	1.93	0.01	0.01	
0.00	27.34	16.99	11.23	54.74	118.68	53.02	7.15	7.41	4.64	15.99	8.00	3.46	20.47	11.48	7.24	2.66	9.28	0.44	13.83	2.82	2.13	0.01	0.02	
0.00	24.16	13.04	8.76	41.00	111.58	42.41	9.58	7.25	4.46	14.49	7.23	2.86	22.41	12.63	7.24	2.55	8.76	0.37	13.01	2.49	2.42	0.01	0.02	
0.00	31.88	14.15	9.65	66.97	129.46	40.47	8.19	5.89	4.22	14.45	6.58	2.80	28.73	12.54	8.27	3.09	7.72	0.45	11.93	1.99	2.50	0.01	0.02	
0.00	32.03	14.57	14.33	92.48	110.77	103.65	9.79	6.90	3.98	17.25	7.59	2.92	23.87	11.23	6.84	3.40	8.56	0.32	11.29	1.50	2.24	0.01	0.02	
0.00	67.79	62.46	51.47	281.96	137.49	478.50	16.50	20.35	3.93	19.51	14.97	3.81	31.42	25.90	7.76	3.92	8.71	0.34	11.55	1.14	2.26	0.01	0.02	
0.00	37.46	27.40	12.26	90.45	125.07	80.55	10.23	9.27	2.34	19.91	10.64	3.38	30.45	13.08	9.12	4.51	9.50	0.41	11.91	0.68	2.53	0.01	0.02	
0.00	45.94	68.73	45.73	245.46	125.77	423.00	13.44	22.15	1.64	18.36	17.33	4.11	22.42	26.38	9.57	4.50	8.78	0.30	11.36	0.21	2.76	0.01	0.02	
0.00	38.82	36.34	19.71	102.02	122.79	165.13	11.01	10.84	1.11	17.07	9.83	3.78	21.81	16.91	10.62	4.69	7.49	0.31	9.09	0.21	2.10	0.01	0.03	
0.00	27.75	17.78	10.66	43.56	109.59	46.73	8.66	5.93	0.93	16.19	8.41	3.09	18.52	11.42	9.60	4.56	6.71	0.32	6.66	0.16	1.96	0.01	0.02	
0.00	35.53	25.95	11.04	64.64	128.17	53.35	7.33	7.05	0.82	18.60	11.41	2.37	27.43	15.40	10.00	4.08	5.50	0.34	5.04	0.16	2.12	0.01	0.03	
0.00	33.96	23.16	11.99	51.45	139.84	57.47	6.78	4.51	0.71	20.09	10.16	1.96	20.06	16.45	10.23	3.94	5.84	0.39	3.38	0.14	1.24	0.01	0.03	
0.00	38.17	30.83	14.05	67.13	171.35	71.98	6.86	5.56	0.82	19.53	8.59	1.53	24.21	21.79	14.09	3.75	4.62	0.45	1.72	0.17	0.50	0.01	0.03	
0.00	49.13	42.35	11.99	170.18	287.20	68.02	7.52	6.42	0.97	29.44	8.34	1.45	22.62	21.48	12.88	3.67	6.75	0.51	0.71	0.17	0.22	0.02	0.03	
0.00	54.73	37.32	14.02	178.40	335.73	84.27	7.59	6.46	0.76	32.21	8.89	1.77	27.03	21.92	11.68	3.61	7.89	0.62	0.75	0.21	0.22	0.02	0.04	
0.00	47.20	28.90	12.29	83.92	191.90	82.67	7.00	6.04	0.70	26.93	6.75	1.46	21.28	18.03	10.44	3.19	7.00	0.61	0.62	0.25	0.14	0.02	0.03	
0.00	46.13	29.83	11.83	83.46	187.42	89.33	7.03	7.23	0.86	26.64	7.13	1.68	23.94	18.60	8.85	3.13	6.75	0.79	0.48	0.30	0.16	0.03	0.03	
0.00	41.44	27.08	14.95	99.34	181.88	89.52	6.91	6.88	0.95	23.69	8.69	1.68	19.18	14.91	9.00	2.99	7.31	0.94	0.42	0.30	0.19	0.04	0.02	
0.00	51.47	29.11	15.29	101.56	262.24	109.37	7.32	9.38	0.87	26.19	8.35	1.66	25.48	14.94	7.55	3.38	7.48	0.91	0.52	0.47	0.24	0.03	0.02	
0.00	42.98	24.12	15.10	98.24	168.31	110.08	7.76	12.03	1.46	31.71	6.75	1.60	21.36	11.82	6.81	4.51	11.63	1.19	0.50	0.93	0.29	0.02	0.03	
0.00	49.22	27.32	16.49	91.88	198.76	115.59	8.66	17.63	2.62	33.34	7.87	1.59	19.83	12.00	7.16	6.59	12.30	3.01	0.48	1.63	0.28	0.04	0.03	
0.00	49.45	28.57	16.99	88.74	206.87	112.83	12.54	13.00	3.04	30.18	10.18	2.11	26.22	13.53	7.20	7.50	10.89	4.54	0.43	1.77	0.26	0.04	0.03	
0.00	58.78	27.35	14.66	140.33	222.46	108.72	15.88	13.61	2.34	51.04	11.24	2.25	26.79	13.57	8.85	7.48	13.41	4.24	0.75	2.07	0.28	0.05	0.03	
0.00	66.69	33.68	15.16	91.80	234.86	134.86	15.71	16.76	3.54	39.39	12.32	2.37	30.49	14.25	7.84	10.92	17.00	4.51	0.51	2.06	0.28	0.11	0.05	
0.00	85.33	38.14	18.53	138.06	297.72	160.47	19.45	14.52	4.24	56.05	18.24	3.90	32.58	13.86	8.15	14.68	18.06	5.26	0.81	1.97	0.33	0.21	0.05	
0.00	91.94	53.42	26.98	105.46	328.52	241.47	18.06	23.01	2.99	47.38	18.17	3.82	41.04	18.78	11.10	10.85	22.24	9.83	0.85	2.26	0.37	0.16	0.08	
0.00	97.84	77.42	42.02	197.68	321.75	404.78	15.87	31.13	3.99	49.38	21.49	4.92	46.76	28.92	10.90	11.73	20.04	14.81	0.78	2.84	0.40	0.17	0.06	
0.00	108.05	115.78	80.10	290.85	326.70	758.05	17.51	41.56	6.91	46.73	22.88	5.07	51.34	50.75	12.90	17.09	20.22	14.50	0.80	3.09	0.41	0.10	0.06	
0.00	156.04	144.82	122.11	487.22	356.01	1207.33	37.55	49.20	10.53	48.40	22.57	5.75	54.85	63.71	16.89	17.42	17.48	13.68	1.04	3.65	0.52	0.03	0.05	
0.00	232.26	189.97	196.25	772.51	402.79	1939.17	55.39	62.64	15.66	95.50	27.75	7.89	82.05	81.70	20.62	19.16	26.78	14.17	1.69	4.10	0.86	0.04	0.06	
0.00	134.82	129.63	88.86	396.63	236.81	889.83	25.50	41.57	9.31	62.44	20.49	5.95	93.76	57.21	16.57	19.61	20.27	13.34	1.32	4.28	0.45	0.03	0.07	
0.00	142.51	90.40	78.56	378.08	273.84	757.76	24.69	28.35	8.24	62.39	20.71	7.93	101.32	46.15	17.94	17.09	25.96	13.09	1.45	4.97	0.59	0.02	0.09	
0.00	114.88	137.41	84.23	318.96	177.41	817.88	20.68	43.33	5.71	68.18	21.60	5.63	57.37	61.45	13.82	15.48	21.25	13.94	1.55	5.73	0.38	0.02	0.09	
0.00	98.13	87.51	50.03	211.28	171.97	443.23	16.47	30.48	5.14	43.40	17.73	6.03	61.25	45.28	14.23	13.51	20.95	14.35	1.50	6.43	0.40	0.01	0.09	
0.00	90.18	160.16	110.21	343.31	253.24	1017.64	18.19	54.33	5.06	33.78	31.05	8.15	50.91	70.18	15.94	10.79	17.96	14.63	1.15	6.83	0.46	0.01	0.07	
0.00	105.06	326.81	232.52	684.44	406.79	2238.71	34.50	117.23	7.69	30.00	55.46	11.47	34.14	133.25	20.04	9.42	17.45	14.69	1.40	6.94	0.54	0.01	0.08	
0.00	193.39	380.55	292.34	945.47	503.20	2934.77	53.91	138.01	15.20	80.28	67.45	17.40	49.30	156.66	23.26	9.18	16.99	14.24	1.54	6.74	0.75	0.01	0.06	
0.00	178.82	347.71	263.33	817.69	521.98	2714.32	47.57	123.99	15.48	35.64	56.74	13.76	52.42	147.90	20.25	9.72	15.94	13.31	1.12	6.91	0.66	0.01	0.06	
0.00	185.50	272.85	217.59	687.03	450.73	2234.47	44.55	94.62	13.15	70.39	44.92	11.96	51.52	116.81	19.76	10.69	16.90	12.00	1.57	7.36	0.67	0.01	0.06	
0.00	159.77	192.06	158.64	527.94	406.19	1622.97	33.45	72.34	10.08	71.64	33.01	9.79	44.18	83.42	19.65	11.46	17.23	10.42	1.34	7.44	0.50	0.01	0.06	
0.00	124.96	150.53	121.49	378.97	304.38	1173.09	24.93	51.30	9.62	64.00	29.71	9.61	38.89	72.57	14.40	13.16	16.19	9.21	1.22	7.34	0.41	0.01	0.06	
0.00	122.56	123.90	86.58	306.21	315.79	893.24	17.38	42.04	9.65	68.45	25.10	8.80	35.58	52.29	12.45	14.13	16.05	8.84	1.39	7.25	0.37	0.01	0.07	
0.00	127.87	143.09	113.14	297.73	372.30	1062.90	21.80	49.22	10.12	69.10	31.55	10.06	38.20	57.81	14.90	14.96	17.79	9.25	1.51	7.13	0.43	0.01	0.07	
0.00	120.57	90.08	76.65	248.08	274.52	714.30	19.88	31.29	10.13	69.63	17.93	8.16	37.80	38.16	12.40	15.35	17.69	9.75	1.30	6.84	0.36	0.01	0.07	
0.00	61.17	71.34	54.35	144.82	187.02	501.19	12.81	25.05	9.92	32.39	13.31	5.82	29.66	30.68	11.70	15.60	12.53	9.83	0.74	6.30	0.26	0.00	0.05	
0.00	56.18	54.95	42.46	145.14	189.57	378.77	11.45	18.40	9.49	37.60	13.33	7.97	25.39	27.06	9.57	15.54	15.27	9.74	0.58	5.68	0.33	0.00	0.05	
0.00	48.43	58.70	40.68	114.67	145.67	355.12	11.95	20.51	9.44	29.40	12.23	6.95	25.41	26.66	10.10	14.94	14.52	9.93	0.55	4.92	0.30	0.01	0.05	
0.00	49.76	32.00	21.90	87.98	156.60	178.95	11.72	9.65	8.47	28.80	10.29	5.81	29.82	18.56	8.16	13.36	10.66	10.57	0.43	4.20	0.23	0.01	0.03	
0.00	44.88	28.86	15.10	89.97	160.08	87.00	11.40	8.32	7.28	44.09	9.61	3.99	22.74	17.08	7.18	11.77	7.66	11.38	0.61	3.58	0.18	0.01	0.02	
0.00	44.68	27.99	14.93	87.41	149.52	64.86	10.66	9.46	6.18	28.08	8.86	4.65	26.53	15.85	8.67	10.04	9.59	12.17	0.37	3.21	0.20	0.01	0.02	
0.00	53.02	30.44	14.42	107.05	163.65	64.45	10.05	8.29	4.93	33.59	10.77	4.77	27.48	20.09	9.97	8.10	9.78	12.95	0.48	3.09	0.22	0.02	0.03	
0.00	30.56	28.04	12.03	75.34	118.53	69.37	9.81	7.25	3.81	14.23	5.51	2.42	25.81	24.12	9.50	6.51	3.99	13.55	0.34	3.05	0.18	0.03	0.02	
0.00	28.56	20.10	8.87	68.60	99.86	46.60	9.88	7.34	2.91	9.81	3.98	1.71	20.46	16.31	7.14	6.29	3.35	13.91	0.25	2.96	0.14	0.03	0.01	
0.00	32.93	32.78	11.35	93.49	128.56	80.03	12.31	10.24	2.96	9.62	5.03	1.99	28.46	25.89	9.42	6.86	3.38	13.93	0.34	2.81	0.16	0.05	0.02	
0.00	39.30	47.61	17.98	129.72	165.47	129.61	13.97	15.86	3.83	10.97	6.85	2.22	36.97	39.97	13.39	8.67	3.31	13.25	0.37	2.69	0.15	0.11	0.02	
0.00	34.16	42.66	12.98	60.66	108.91	99.92	9.73	6.04	2.75	8.16	4.94	1.58	33.14	36.77	12.84	6.45	2.90	10.95	0.30	2.22	0.16	0.04	0.01	
0.00	32.11	35.01	10.41	101.55	134.43	77.23	10.43	12.35	3.12	8.11	4.36	1.21	28.35	31.40	8.97	7.03	3.17	9.11	0.28	2.22	0.19	0.08	0.01	
0.00	57.09	90.69	19.75	124.44	199.49	186.71	13.51	12.11	3.43	10.08	5.45	1.37	60.29	78.40	20.44	7.55	4.07	8.09	0.37	2.80	0.22	0.08	0.02	
0.00	61.70	97.78	24.14	174.03	215.30	247.75	18.25	17.23	4.70	7.81	6.27	1.39	68.27	87.87	25.51	8.15	3.61	6.97	0.44	3.53	0.19	0.03	0.02	
0.00	34.75	52.15	16.89	64.45	91.73	175.71	9.32	7.76	2.27	7.41	5.65	1.23	34.74	44.03	13.05	5.90	3.51	4.67	0.33	1.94	0.21	0.02	0.01	
0.00	39.47	60.90	28.28	80.31	133.45	232.42	12.45	10.56	1.88	7.34	7.75	1.29	34.06	46.30	11.39	4.75	3.85	2.52	0.40	0.95	0.22	0.03	0.01	
0.00	70.32	129.86	98.68	177.70	295.07	920.85	25.64	33.59	4.32	14.12	23.27	2.83	41.67	69.07	16.68	4.47	4.74	0.53	0.71	0.43	0.35	0.02	0.02	
0.00	80.61	184.44	134.77	217.33	409.35	1202.34	27.51	50.77	5.05	14.49	32.08	3.82	35.03	83.94	11.54	3.64	4.74	0.55	0.79	0.42	0.48	0.02	0.03	
0.00	46.51	97.33	73.52	124.91	215.61	652.78	14.07	28.39	2.71	8.44	18.50	2.37	21.11	41.60	7.74	2.31	3.63	0.43	0.89	0.29	0.32	0.01	0.04	
0.00	51.84	126.27	96.84	159.50	287.28	859.05	18.24	36.56	3.60	10.93	23.88	2.97	19.68	55.07	8.05	2.65	4.15	0.63	0.95	0.35	0.40	0.02	0.04	
0.00	101.46	216.98	165.72	279.51	497.46	1479.03	31.63	62.11	5.57	16.04	41.83	5.20	37.80	94.49	13.79	3.42	4.91	0.73	1.01	0.56	0.76	0.02	0.05	
0.00	90.01	192.33	141.29	229.20	438.48	1281.91	27.50	52.77	4.69	12.52	38.12	5.02	27.89	83.99	9.82	2.69	3.56	0.54	0.69	0.47	0.60	0.02	0.03	
0.00	53.02	104.96	79.23	152.27	253.70	715.22	17.50	30.09	2.67	7.47	21.50	2.83	19.15	46.42	6.74	2.60	2.14	0.39	0.43	0.29	0.34	0.01	0.02	
0.00	83.94	172.13	130.56	219.51	416.23	1177.98	25.95	49.20	4.07	11.66	35.73	4.44	28.26	73.67	9.52	3.32	3.08	0.36	0.64	0.39	0.49	0.01	0.02	
0.00	137.75	274.86	203.70	381.12	633.61	1839.64	38.70	76.79	5.82	19.96	59.79	7.56	39.01	118.76	16.46	5.91	5.60	0.39	1.71	0.53	0.93	0.02	0.06	
