gaitPhase	pelvis_tilt	pelvis_list	pelvis_rotation	pelvis_tx	pelvis_ty	pelvis_tz	hip_flexion_r	hip_adduction_r	hip_rotation_r	knee_angle_r	ankle_angle_r	subtalar_angle_r	mtp_angle_r	hip_flexion_l	hip_adduction_l	hip_rotation_l	knee_angle_l	ankle_angle_l	subtalar_angle_l	mtp_angle_l	lumbar_extension	lumbar_bending	lumbar_rotation	
1.00	2.68	4.73	0.11	-0.04	1.04	-0.00	15.55	-7.97	-22.83	-0.27	0.85	22.07	0.00	-11.53	5.90	2.19	-1.87	11.34	0.36	0.00	-19.00	-6.77	-4.13	
2.00	2.72	4.78	0.32	-0.04	1.04	0.00	15.41	-7.89	-22.29	-1.14	0.50	20.57	0.00	-11.99	5.72	2.22	-2.26	11.71	0.69	0.00	-19.02	-6.74	-3.99	
3.00	2.78	4.80	0.54	-0.04	1.04	0.01	15.21	-7.77	-21.45	-2.14	-0.05	19.09	0.00	-12.44	5.45	2.15	-2.74	12.11	1.16	0.00	-19.03	-6.67	-3.84	
4.00	2.86	4.77	0.81	-0.04	1.04	0.01	14.87	-7.56	-20.72	-2.74	-0.80	17.88	0.00	-12.88	5.12	2.03	-3.29	12.50	1.71	0.00	-19.00	-6.56	-3.72	
5.00	2.95	4.80	1.14	-0.03	1.04	0.01	14.40	-7.43	-20.21	-3.02	-2.49	16.44	0.00	-13.28	4.81	1.96	-3.95	12.81	2.24	0.00	-18.94	-6.48	-3.67	
6.00	3.04	4.80	1.46	-0.03	1.04	0.01	13.94	-7.35	-19.98	-3.40	-4.23	15.01	0.00	-13.68	4.49	1.96	-4.66	13.01	2.58	0.00	-18.82	-6.34	-3.58	
7.00	3.17	4.70	1.82	-0.03	1.04	0.02	13.53	-7.27	-19.93	-4.10	-5.08	13.91	0.00	-14.03	4.06	2.01	-5.52	13.12	2.92	0.00	-18.73	-6.05	-3.48	
8.00	3.33	4.45	2.10	-0.03	1.04	0.02	13.17	-6.99	-19.82	-5.11	-4.86	13.24	0.00	-14.32	3.47	1.97	-6.53	13.15	3.26	0.00	-18.66	-5.61	-3.22	
9.00	3.53	4.04	2.26	-0.02	1.04	0.02	12.83	-6.50	-19.42	-6.29	-4.02	12.65	0.00	-14.53	2.74	1.90	-7.71	13.03	3.48	0.00	-18.62	-5.04	-2.81	
10.00	3.73	3.63	2.31	-0.02	1.04	0.03	12.49	-5.92	-18.71	-7.46	-3.02	11.88	0.00	-14.64	2.04	1.83	-9.03	12.73	3.57	0.00	-18.61	-4.50	-2.32	
11.00	3.88	3.33	2.31	-0.02	1.04	0.03	12.10	-5.36	-17.89	-8.39	-2.08	11.05	0.00	-14.59	1.45	1.73	-10.53	12.22	3.62	0.00	-18.54	-4.12	-1.84	
12.00	3.96	3.15	2.33	-0.02	1.04	0.04	11.63	-4.90	-17.33	-8.99	-1.23	10.43	0.00	-14.30	0.98	1.60	-12.26	11.57	3.75	0.00	-18.43	-3.90	-1.46	
13.00	3.95	3.03	2.36	-0.02	1.04	0.04	11.11	-4.46	-17.06	-9.32	-0.46	10.02	0.00	-13.78	0.54	1.31	-14.23	10.81	4.10	0.00	-18.23	-3.76	-1.15	
14.00	3.92	2.94	2.47	-0.01	1.04	0.04	10.50	-4.07	-17.12	-9.39	0.23	9.92	0.00	-13.02	0.07	0.91	-16.50	10.03	4.67	0.00	-18.02	-3.63	-0.92	
15.00	3.88	2.83	2.63	-0.01	1.05	0.05	9.78	-3.69	-17.46	-9.26	0.84	10.11	0.00	-12.06	-0.47	0.41	-19.07	9.19	5.42	0.00	-17.83	-3.45	-0.72	
16.00	3.86	2.68	2.80	-0.01	1.05	0.05	8.99	-3.27	-17.89	-8.99	1.40	10.44	0.00	-10.92	-1.10	-0.20	-21.95	8.30	6.25	0.00	-17.67	-3.20	-0.50	
17.00	3.88	2.46	2.96	-0.01	1.05	0.06	8.12	-2.78	-18.34	-8.59	1.88	10.82	0.00	-9.60	-1.85	-0.90	-25.16	7.33	7.11	0.00	-17.55	-2.87	-0.24	
18.00	3.92	2.17	3.05	-0.01	1.05	0.06	7.22	-2.18	-18.64	-8.09	2.30	11.12	0.00	-8.09	-2.70	-1.70	-28.65	6.24	7.92	0.00	-17.46	-2.46	0.18	
19.00	3.96	1.81	3.10	-0.01	1.05	0.06	6.32	-1.50	-18.87	-7.55	2.69	11.38	0.00	-6.39	-3.66	-2.47	-32.43	4.98	8.62	0.00	-17.39	-1.99	0.66	
20.00	4.02	1.40	3.12	-0.01	1.05	0.07	5.41	-0.76	-19.07	-6.96	3.05	11.63	0.00	-4.52	-4.70	-3.16	-36.42	3.57	9.10	0.00	-17.36	-1.45	1.25	
21.00	4.09	0.97	3.11	-0.01	1.05	0.07	4.50	0.00	-19.27	-6.34	3.40	11.93	0.00	-2.55	-5.74	-3.68	-40.51	2.04	9.34	0.00	-17.36	-0.89	1.90	
22.00	4.20	0.53	3.08	-0.01	1.05	0.07	3.55	0.77	-19.46	-5.70	3.71	12.25	0.00	-0.54	-6.75	-3.99	-44.58	0.46	9.39	0.00	-17.42	-0.32	2.60	
23.00	4.34	0.11	3.04	-0.01	1.05	0.07	2.59	1.48	-19.71	-5.06	4.01	12.69	0.00	1.47	-7.65	-4.08	-48.51	-0.95	9.29	0.00	-17.53	0.23	3.33	
24.00	4.49	-0.28	2.95	-0.01	1.05	0.08	1.62	2.14	-19.93	-4.43	4.29	13.18	0.00	3.39	-8.41	-3.99	-52.16	-1.83	9.19	0.00	-17.68	0.72	4.10	
25.00	4.67	-0.59	2.80	-0.01	1.05	0.08	0.63	2.71	-20.13	-3.80	4.54	13.71	0.00	5.19	-8.97	-3.80	-55.42	-2.07	9.17	0.00	-17.84	1.12	4.91	
26.00	4.85	-0.82	2.61	-0.01	1.05	0.08	-0.34	3.17	-20.24	-3.21	4.77	14.20	0.00	6.88	-9.33	-3.54	-58.22	-1.75	9.27	0.00	-18.02	1.39	5.73	
27.00	5.01	-0.97	2.35	-0.01	1.05	0.08	-1.28	3.52	-20.19	-2.64	4.96	14.58	0.00	8.46	-9.52	-3.30	-60.53	-1.09	9.49	0.00	-18.17	1.56	6.57	
28.00	5.14	-1.03	2.05	-0.01	1.05	0.08	-2.15	3.77	-20.01	-2.12	5.14	14.84	0.00	9.95	-9.56	-3.09	-62.29	-0.27	9.75	0.00	-18.31	1.60	7.37	
29.00	5.23	-1.05	1.73	-0.01	1.05	0.09	-2.95	3.95	-19.73	-1.63	5.30	14.97	0.00	11.38	-9.49	-2.95	-63.53	0.63	9.98	0.00	-18.41	1.58	8.13	
30.00	5.28	-1.02	1.42	-0.01	1.05	0.09	-3.68	4.06	-19.42	-1.20	5.46	15.04	0.00	12.73	-9.35	-2.86	-64.23	1.56	10.15	0.00	-18.47	1.50	8.81	
31.00	5.29	-0.97	1.11	-0.02	1.05	0.09	-4.33	4.12	-19.09	-0.84	5.63	15.08	0.00	14.00	-9.17	-2.85	-64.39	2.42	10.17	0.00	-18.53	1.39	9.44	
32.00	5.27	-0.91	0.80	-0.02	1.05	0.09	-4.91	4.15	-18.77	-0.53	5.82	15.14	0.00	15.19	-9.00	-2.94	-64.02	3.17	10.03	0.00	-18.59	1.27	10.04	
33.00	5.21	-0.85	0.57	-0.02	1.05	0.09	-5.43	4.17	-18.57	-0.24	6.02	15.23	0.00	16.29	-8.82	-3.04	-63.13	3.80	9.71	0.00	-18.60	1.16	10.51	
34.00	5.13	-0.81	0.32	-0.02	1.05	0.09	-5.91	4.18	-18.35	0.01	6.24	15.34	0.00	17.27	-8.67	-3.20	-61.70	4.30	9.29	0.00	-18.64	1.07	10.96	
35.00	5.02	-0.75	0.13	-0.02	1.05	0.09	-6.35	4.17	-18.19	0.28	6.45	15.47	0.00	18.12	-8.49	-3.38	-59.73	4.65	8.75	0.00	-18.66	0.97	11.33	
36.00	4.90	-0.69	-0.02	-0.02	1.05	0.09	-6.78	4.14	-18.10	0.56	6.66	15.62	0.00	18.80	-8.30	-3.55	-57.22	4.88	8.22	0.00	-18.68	0.88	11.63	
37.00	4.68	-0.64	-0.21	-0.03	1.05	0.09	-7.10	4.09	-17.81	0.83	6.83	15.61	0.00	19.40	-8.09	-3.74	-54.21	5.01	7.67	0.00	-18.63	0.84	11.95	
38.00	4.44	-0.61	-0.37	-0.03	1.05	0.09	-7.39	4.04	-17.51	1.09	6.99	15.55	0.00	19.83	-7.88	-3.84	-50.76	5.09	7.30	0.00	-18.55	0.83	12.23	
39.00	4.10	-0.60	-0.64	-0.03	1.05	0.09	-7.53	3.95	-16.78	1.28	7.15	15.21	0.00	20.15	-7.64	-3.92	-46.85	5.02	7.01	0.00	-18.40	0.89	12.60	
40.00	3.85	-0.68	-0.72	-0.03	1.05	0.09	-7.81	4.00	-16.67	1.50	7.37	15.29	0.00	20.20	-7.50	-3.77	-42.59	4.87	7.06	0.00	-18.30	1.00	12.79	
41.00	3.54	-0.81	-0.89	-0.03	1.05	0.09	-7.98	4.07	-16.24	1.64	7.61	15.17	0.00	20.14	-7.41	-3.53	-38.02	4.56	7.13	0.00	-18.16	1.20	13.05	
42.00	3.27	-1.03	-0.96	-0.04	1.05	0.09	-8.20	4.25	-16.13	1.76	7.90	15.28	0.00	19.90	-7.42	-3.13	-33.30	4.18	7.22	0.00	-18.03	1.45	13.20	
43.00	2.99	-1.29	-1.02	-0.04	1.05	0.09	-8.41	4.46	-16.04	1.83	8.21	15.41	0.00	19.56	-7.47	-2.61	-28.53	3.74	7.07	0.00	-17.89	1.72	13.33	
44.00	2.72	-1.58	-1.08	-0.04	1.05	0.09	-8.62	4.69	-15.91	1.88	8.53	15.50	0.00	19.14	-7.57	-1.99	-23.81	3.24	6.58	0.00	-17.74	2.02	13.41	
45.00	2.45	-1.91	-1.11	-0.04	1.05	0.09	-8.85	4.97	-15.77	1.92	8.86	15.57	0.00	18.67	-7.72	-1.35	-19.25	2.71	5.75	0.00	-17.59	2.33	13.45	
46.00	2.23	-2.22	-1.09	-0.04	1.04	0.09	-9.14	5.24	-15.82	1.95	9.22	15.77	0.00	18.15	-7.87	-0.79	-15.00	2.18	4.65	0.00	-17.46	2.60	13.38	
47.00	1.98	-2.54	-1.17	-0.04	1.04	0.08	-9.39	5.47	-15.59	1.91	9.58	15.78	0.00	17.66	-8.01	-0.45	-11.16	1.72	3.37	0.00	-17.31	2.86	13.39	
48.00	1.75	-2.84	-1.26	-0.04	1.04	0.08	-9.66	5.67	-15.35	1.84	9.94	15.80	0.00	17.20	-8.15	-0.35	-7.86	1.38	2.29	0.00	-17.17	3.10	13.37	
49.00	1.60	-3.14	-1.33	-0.04	1.04	0.08	-10.01	5.85	-15.36	1.73	10.36	16.10	0.00	16.77	-8.26	-0.38	-5.27	1.26	1.48	0.00	-17.08	3.30	13.30	
50.00	1.39	-3.40	-1.50	-0.04	1.04	0.08	-10.25	5.91	-14.95	1.52	10.76	16.06	0.00	16.53	-8.30	-0.43	-3.50	1.22	0.78	0.00	-16.92	3.50	13.28	
51.00	1.31	-3.61	-1.57	-0.04	1.04	0.08	-10.64	5.93	-14.99	1.27	11.22	16.44	0.00	16.29	-8.25	-0.42	-2.59	1.24	0.39	0.00	-16.84	3.62	13.13	
52.00	1.26	-3.76	-1.70	-0.04	1.04	0.07	-11.03	5.82	-14.83	0.92	11.65	16.64	0.00	16.11	-8.11	-0.34	-2.45	1.02	0.17	0.00	-16.79	3.70	13.02	
53.00	1.29	-3.81	-1.85	-0.04	1.04	0.07	-11.49	5.57	-14.70	0.50	12.10	16.88	0.00	15.83	-7.86	-0.16	-2.74	0.51	0.13	0.00	-16.80	3.67	12.89	
54.00	1.39	-3.77	-2.10	-0.04	1.04	0.07	-11.97	5.16	-14.41	-0.03	12.55	16.99	0.00	15.38	-7.53	-0.02	-3.06	-0.29	0.04	0.00	-16.85	3.53	12.81	
55.00	1.58	-3.66	-2.33	-0.04	1.04	0.07	-12.54	4.67	-14.24	-0.61	12.98	17.17	0.00	14.75	-7.17	-0.02	-3.27	-1.38	-0.11	0.00	-16.93	3.28	12.69	
56.00	1.78	-3.51	-2.58	-0.03	1.04	0.06	-13.06	4.12	-13.98	-1.35	13.38	17.22	0.00	14.06	-6.85	-0.24	-3.47	-2.54	-0.35	0.00	-16.97	2.96	12.55	
57.00	1.95	-3.26	-2.88	-0.03	1.04	0.06	-13.43	3.44	-13.55	-2.30	13.75	17.05	0.00	13.40	-6.49	-0.63	-3.76	-3.41	-0.66	0.00	-16.97	2.53	12.41	
58.00	2.16	-2.86	-3.05	-0.03	1.04	0.06	-13.72	2.61	-13.39	-3.45	14.06	16.96	0.00	12.77	-5.93	-0.96	-4.17	-3.70	-0.75	0.00	-16.96	1.92	12.06	
59.00	2.35	-2.31	-3.24	-0.03	1.04	0.05	-13.84	1.57	-13.08	-4.86	14.23	16.69	0.00	12.16	-5.16	-1.23	-4.72	-3.43	-0.78	0.00	-16.97	1.19	11.68	
60.00	2.55	-1.72	-3.34	-0.02	1.04	0.05	-13.84	0.49	-12.78	-6.46	14.18	16.31	0.00	11.56	-4.28	-1.40	-5.29	-2.89	-0.84	0.00	-16.98	0.43	11.17	
61.00	2.82	-1.18	-3.23	-0.02	1.04	0.04	-13.90	-0.50	-12.87	-8.17	13.87	16.11	0.00	10.84	-3.41	-1.50	-5.79	-2.25	-0.76	0.00	-17.05	-0.25	10.49	
62.00	3.03	-0.81	-3.15	-0.02	1.04	0.04	-13.71	-1.34	-12.75	-10.14	13.30	15.72	0.00	10.14	-2.72	-1.70	-6.17	-1.59	-0.59	0.00	-17.10	-0.74	9.88	
63.00	3.08	-0.59	-3.14	-0.02	1.04	0.04	-13.15	-2.05	-12.27	-12.40	12.49	15.08	0.00	9.55	-2.21	-2.01	-6.42	-0.99	-0.40	0.00	-17.01	-1.00	9.39	
64.00	3.09	-0.48	-3.13	-0.01	1.04	0.03	-12.36	-2.66	-11.75	-14.97	11.48	14.41	0.00	8.93	-1.82	-2.34	-6.53	-0.43	-0.19	0.00	-16.90	-1.14	8.96	
65.00	3.06	-0.44	-3.15	-0.01	1.05	0.03	-11.33	-3.21	-11.19	-17.85	10.32	13.71	0.00	8.29	-1.51	-2.71	-6.50	0.09	0.04	0.00	-16.78	-1.23	8.59	
66.00	3.03	-0.41	-3.24	-0.01	1.05	0.02	-10.03	-3.78	-10.64	-21.12	9.07	13.03	0.00	7.59	-1.22	-3.11	-6.35	0.58	0.28	0.00	-16.69	-1.33	8.29	
67.00	3.02	-0.33	-3.37	-0.01	1.05	0.02	-8.51	-4.42	-10.16	-24.74	7.75	12.42	0.00	6.86	-0.91	-3.52	-6.14	1.09	0.51	0.00	-16.63	-1.50	8.00	
68.00	3.02	-0.19	-3.51	-0.01	1.05	0.02	-6.75	-5.15	-9.78	-28.73	6.38	11.83	0.00	6.13	-0.54	-3.85	-5.90	1.59	0.73	0.00	-16.60	-1.76	7.66	
69.00	3.06	0.04	-3.64	-0.01	1.05	0.01	-4.83	-5.99	-9.44	-33.02	5.00	11.23	0.00	5.37	-0.08	-4.07	-5.66	2.09	0.88	0.00	-16.64	-2.12	7.26	
70.00	3.13	0.36	-3.74	-0.01	1.05	0.01	-2.75	-6.91	-9.15	-37.53	3.62	10.53	0.00	4.60	0.47	-4.21	-5.40	2.58	1.00	0.00	-16.74	-2.60	6.77	
71.00	3.24	0.74	-3.82	-0.01	1.05	0.01	-0.58	-7.86	-8.80	-42.16	2.25	9.76	0.00	3.82	1.08	-4.30	-5.15	3.07	1.11	0.00	-16.89	-3.14	6.20	
72.00	3.39	1.15	-3.85	-0.01	1.05	0.01	1.60	-8.77	-8.39	-46.70	0.90	8.77	0.00	3.03	1.70	-4.36	-4.90	3.55	1.26	0.00	-17.12	-3.71	5.52	
73.00	3.60	1.57	-3.89	-0.01	1.05	0.00	3.70	-9.62	-7.90	-51.02	-0.29	7.72	0.00	2.15	2.34	-4.42	-4.62	4.01	1.41	0.00	-17.40	-4.30	4.82	
74.00	3.84	1.95	-3.86	-0.01	1.05	0.00	5.67	-10.33	-7.42	-54.91	-1.08	6.74	0.00	1.26	2.92	-4.42	-4.35	4.47	1.60	0.00	-17.73	-4.81	4.01	
75.00	4.12	2.25	-3.79	-0.01	1.05	0.00	7.46	-10.85	-6.95	-58.31	-1.23	5.97	0.00	0.31	3.41	-4.37	-4.05	4.87	1.74	0.00	-18.10	-5.20	3.20	
76.00	4.40	2.45	-3.71	-0.01	1.05	-0.00	9.10	-11.21	-6.57	-61.09	-0.70	5.49	0.00	-0.65	3.80	-4.22	-3.74	5.22	1.79	0.00	-18.47	-5.46	2.41	
77.00	4.67	2.56	-3.61	-0.01	1.05	-0.00	10.61	-11.38	-6.27	-63.24	0.22	5.19	0.00	-1.58	4.07	-4.02	-3.46	5.53	1.75	0.00	-18.81	-5.57	1.66	
78.00	4.90	2.53	-3.47	-0.01	1.05	-0.00	12.00	-11.33	-6.07	-64.72	1.20	4.96	0.00	-2.44	4.20	-3.78	-3.23	5.80	1.67	0.00	-19.12	-5.53	0.93	
79.00	5.08	2.43	-3.28	-0.01	1.05	-0.01	13.28	-11.16	-6.01	-65.53	2.00	4.76	0.00	-3.21	4.23	-3.48	-3.06	6.06	1.55	0.00	-19.38	-5.37	0.25	
80.00	5.21	2.27	-3.10	-0.02	1.05	-0.01	14.47	-10.88	-6.06	-65.69	2.59	4.59	0.00	-3.92	4.18	-3.15	-2.91	6.28	1.38	0.00	-19.58	-5.14	-0.36	
81.00	5.29	2.08	-2.89	-0.02	1.05	-0.01	15.57	-10.56	-6.21	-65.25	3.09	4.44	0.00	-4.51	4.07	-2.88	-2.87	6.54	1.30	0.00	-19.75	-4.88	-0.92	
82.00	5.36	1.91	-2.68	-0.02	1.05	-0.01	16.53	-10.27	-6.49	-64.23	3.56	4.35	0.00	-5.11	3.97	-2.55	-2.76	6.75	1.14	0.00	-19.91	-4.61	-1.44	
83.00	5.38	1.73	-2.51	-0.02	1.05	-0.01	17.39	-9.97	-6.83	-62.62	3.98	4.34	0.00	-5.65	3.85	-2.32	-2.66	6.97	1.05	0.00	-20.03	-4.36	-1.86	
84.00	5.37	1.58	-2.31	-0.02	1.05	-0.01	18.10	-9.72	-7.32	-60.44	4.33	4.34	0.00	-6.14	3.74	-2.07	-2.57	7.20	0.98	0.00	-20.16	-4.12	-2.27	
85.00	5.32	1.46	-2.12	-0.02	1.05	-0.01	18.70	-9.53	-7.91	-57.74	4.59	4.46	0.00	-6.59	3.65	-1.79	-2.45	7.42	0.88	0.00	-20.26	-3.92	-2.64	
86.00	5.23	1.39	-1.99	-0.03	1.05	-0.01	19.16	-9.37	-8.56	-54.50	4.67	4.60	0.00	-7.04	3.60	-1.58	-2.26	7.64	0.78	0.00	-20.31	-3.79	-2.93	
87.00	5.10	1.37	-1.85	-0.03	1.05	-0.01	19.47	-9.26	-9.31	-50.75	4.59	4.84	0.00	-7.46	3.60	-1.34	-2.05	7.86	0.67	0.00	-20.34	-3.71	-3.20	
88.00	4.93	1.41	-1.73	-0.03	1.05	-0.01	19.63	-9.16	-10.10	-46.53	4.28	5.17	0.00	-7.84	3.64	-1.11	-1.83	8.07	0.54	0.00	-20.32	-3.71	-3.42	
89.00	4.72	1.51	-1.62	-0.03	1.05	-0.01	19.65	-9.10	-10.96	-41.90	3.86	5.74	0.00	-8.19	3.74	-0.86	-1.61	8.27	0.41	0.00	-20.26	-3.79	-3.62	
90.00	4.49	1.69	-1.50	-0.03	1.05	-0.01	19.52	-9.06	-11.88	-36.95	3.31	6.62	0.00	-8.49	3.91	-0.57	-1.40	8.48	0.24	0.00	-20.16	-3.96	-3.82	
91.00	4.21	1.94	-1.40	-0.03	1.05	-0.01	19.29	-9.02	-12.79	-31.75	2.62	7.90	0.00	-8.75	4.13	-0.32	-1.23	8.70	0.11	0.00	-20.02	-4.21	-3.97	
92.00	3.93	2.26	-1.30	-0.03	1.05	-0.01	18.93	-8.99	-13.74	-26.43	1.89	9.63	0.00	-8.99	4.41	-0.01	-1.09	8.91	-0.04	0.00	-19.84	-4.53	-4.09	
93.00	3.64	2.63	-1.19	-0.04	1.05	-0.01	18.49	-8.95	-14.77	-21.12	1.21	11.74	0.00	-9.21	4.74	0.30	-1.01	9.16	-0.15	0.00	-19.66	-4.91	-4.20	
94.00	3.36	3.04	-1.05	-0.04	1.05	-0.01	17.98	-8.91	-15.88	-15.97	0.69	14.12	0.00	-9.43	5.08	0.63	-0.98	9.43	-0.26	0.00	-19.47	-5.32	-4.30	
95.00	3.12	3.46	-0.90	-0.04	1.04	-0.01	17.42	-8.83	-17.11	-11.18	0.35	16.52	0.00	-9.70	5.42	0.98	-0.97	9.70	-0.36	0.00	-19.30	-5.73	-4.37	
96.00	2.91	3.84	-0.71	-0.04	1.04	-0.01	16.85	-8.68	-18.44	-6.91	0.18	18.69	0.00	-9.98	5.69	1.29	-1.03	10.02	-0.39	0.00	-19.16	-6.10	-4.41	
97.00	2.75	4.17	-0.49	-0.04	1.04	-0.01	16.31	-8.46	-19.83	-3.40	0.17	20.53	0.00	-10.30	5.89	1.60	-1.14	10.33	-0.37	0.00	-19.06	-6.39	-4.42	
98.00	2.65	4.43	-0.27	-0.04	1.04	-0.00	15.90	-8.23	-21.21	-0.98	0.45	21.90	0.00	-10.67	5.99	1.88	-1.32	10.65	-0.30	0.00	-19.01	-6.59	-4.38	
99.00	2.62	4.63	-0.03	-0.04	1.04	-0.00	15.63	-8.05	-22.38	0.17	0.79	22.69	0.00	-11.09	6.02	2.10	-1.58	11.01	-0.17	0.00	-19.00	-6.70	-4.31	
100.00	2.65	4.76	0.17	-0.04	1.04	-0.00	15.48	-7.95	-22.89	0.12	0.93	22.33	0.00	-11.58	5.96	2.31	-1.85	11.33	-0.06	0.00	-19.05	-6.72	-4.17	
