gaitPhase	pelvis_tilt_moment	pelvis_list_moment	pelvis_rotation_moment	pelvis_tx_force	pelvis_ty_force	pelvis_tz_force	hip_flexion_r_moment	hip_adduction_r_moment	hip_rotation_r_moment	hip_flexion_l_moment	hip_adduction_l_moment	hip_rotation_l_moment	lumbar_extension_moment	lumbar_bending_moment	lumbar_rotation_moment	knee_angle_r_moment	knee_angle_l_moment	ankle_angle_r_moment	ankle_angle_l_moment	subtalar_angle_r_moment	subtalar_angle_l_moment	mtp_angle_r_moment	mtp_angle_l_moment	
1.00	-28.80	-13.63	-12.32	4.58	1.53	2.10	-32.53	-8.61	0.36	3.46	-38.93	-0.94	22.66	28.47	5.81	-25.89	-48.93	-1.51	-107.13	-0.33	17.20	-0.02	0.03	
2.00	-19.18	-28.60	-11.51	-22.76	-11.87	39.61	-36.02	-10.60	0.47	6.92	-33.87	-0.53	31.98	20.91	0.39	-23.66	-46.00	-0.99	-107.98	-0.92	17.31	-0.01	0.03	
3.00	10.69	-9.65	-4.25	-10.94	-34.18	19.08	-14.61	4.33	-1.36	7.94	-33.14	-0.24	36.22	18.83	-0.26	-12.19	-43.08	1.14	-108.14	-1.46	17.26	0.03	0.03	
4.00	12.77	-16.48	-3.35	-17.30	-10.58	27.47	-14.55	2.12	-1.20	12.36	-28.86	0.23	37.96	15.13	-1.26	-8.42	-38.93	2.95	-107.50	-1.56	16.93	0.04	0.03	
5.00	-1.97	-7.61	-6.91	-30.43	-67.86	4.24	-36.42	0.22	0.73	13.67	-28.99	0.61	40.45	14.72	-0.22	-16.66	-35.71	3.02	-105.57	-0.40	16.13	-0.00	0.03	
6.00	5.71	-8.03	-4.13	-53.16	-60.36	2.09	-32.36	-2.29	2.97	16.89	-26.36	0.59	39.82	16.83	-1.69	-15.07	-31.07	4.92	-102.52	1.02	15.05	0.04	0.03	
7.00	-12.11	-11.36	1.56	-0.49	5.94	-12.10	-34.98	-3.96	4.99	17.10	-21.73	0.37	31.10	14.41	4.55	-14.96	-26.96	6.79	-98.17	2.21	13.68	0.10	0.03	
8.00	-18.85	-4.48	4.56	4.23	-16.62	-10.61	-39.33	1.36	6.81	19.12	-17.83	0.20	23.86	11.02	3.51	-14.81	-22.63	6.39	-92.61	3.05	12.14	0.11	0.03	
9.00	-29.47	-2.62	7.58	1.94	-31.38	-10.49	-41.90	-2.33	7.85	19.41	-12.08	0.09	14.38	10.82	7.11	-11.56	-18.23	4.03	-85.85	2.99	10.57	0.07	0.03	
10.00	-17.77	-10.29	2.89	48.43	-62.78	-31.08	-42.84	-10.83	8.74	20.32	-9.48	-0.63	21.49	1.84	2.72	-6.46	-13.61	1.26	-77.91	2.45	8.96	0.04	0.03	
11.00	-21.77	-10.71	6.90	28.62	-110.12	-6.93	-46.81	-13.32	9.55	19.67	-6.45	-0.98	16.36	-5.73	2.23	-3.27	-9.27	-1.09	-69.18	2.09	7.41	0.04	0.03	
12.00	-11.31	-16.38	7.60	14.63	-105.70	-6.54	-46.20	-16.21	9.45	18.98	-4.14	-2.18	25.54	-13.50	0.80	-0.09	-5.69	-2.95	-59.61	1.97	5.96	0.04	0.04	
13.00	-18.59	-10.33	6.03	20.16	-59.23	-0.24	-43.06	-21.17	9.73	16.44	-2.80	-2.64	20.70	-7.17	1.21	1.63	-3.56	-4.86	-49.82	2.01	4.56	0.03	0.03	
14.00	-21.03	-13.56	11.64	-0.67	-39.34	-2.36	-40.44	-27.38	10.48	15.24	-2.80	-3.03	16.94	-11.48	4.54	1.78	-0.43	-6.91	-39.59	2.20	3.25	0.03	0.04	
15.00	-15.06	-7.89	7.56	14.30	-12.21	-26.62	-38.53	-30.54	10.92	12.49	-2.72	-2.98	23.07	-9.04	3.71	0.39	0.48	-8.96	-29.89	2.29	2.22	0.03	0.04	
16.00	-14.96	-1.07	11.67	8.83	-24.37	-21.24	-38.49	-30.98	11.16	11.25	-1.15	-2.93	20.73	-8.15	6.71	-1.19	1.76	-10.83	-20.85	2.15	1.41	0.04	0.05	
17.00	-14.33	-0.64	7.99	14.45	-50.94	-41.67	-38.39	-32.71	11.02	10.19	-1.11	-2.23	18.79	-12.05	4.51	-2.62	1.27	-12.62	-13.18	1.69	0.91	0.03	0.06	
18.00	-17.05	0.08	7.30	17.30	-13.07	-32.77	-39.80	-36.88	10.88	8.25	-1.93	-1.27	22.67	-13.80	4.93	-3.78	1.12	-14.13	-7.13	1.02	0.43	0.03	0.06	
19.00	-14.32	-1.18	5.07	19.85	-50.36	-43.44	-38.23	-40.80	10.33	6.40	-0.81	-0.81	22.39	-14.62	2.88	-5.11	0.11	-15.76	-2.94	0.28	0.27	0.03	0.06	
20.00	-17.90	-7.49	3.60	14.48	-18.91	-27.18	-37.06	-46.13	9.63	5.65	0.47	-0.74	22.21	-17.52	-0.75	-6.03	-0.04	-17.46	0.03	-0.49	-0.08	0.03	0.07	
21.00	-21.34	-6.14	5.10	3.01	-22.06	-25.82	-37.51	-49.82	8.85	4.87	0.46	-0.19	20.84	-17.92	0.59	-7.74	-0.93	-19.31	1.26	-1.25	-0.04	0.03	0.07	
22.00	-19.38	-7.88	1.59	23.62	-13.39	-27.19	-35.51	-53.77	8.14	8.10	-0.87	-0.03	19.85	-20.19	-2.60	-9.49	0.61	-21.31	1.79	-1.96	-0.04	0.03	0.08	
23.00	-19.84	-14.12	5.28	1.94	26.36	-9.89	-36.18	-56.56	7.35	7.30	0.61	-0.89	26.79	-23.96	-3.67	-11.69	0.67	-23.34	1.72	-2.67	0.01	0.03	0.07	
24.00	-13.64	-8.23	2.59	-3.24	-29.10	-12.78	-32.73	-57.55	6.30	8.49	-0.88	-0.22	23.38	-20.17	-4.90	-13.90	1.42	-25.46	1.29	-3.35	0.07	0.03	0.05	
25.00	-12.28	-10.44	3.58	25.93	4.96	1.77	-31.63	-59.71	5.43	10.70	-0.08	-0.90	26.18	-19.19	-3.80	-16.12	1.95	-27.58	1.06	-3.96	0.05	0.03	0.04	
26.00	-4.12	-9.24	2.23	7.05	-26.47	15.52	-29.63	-61.30	4.48	7.73	-0.53	-0.48	32.49	-15.76	-7.44	-18.44	1.63	-29.70	0.79	-4.55	0.06	0.03	0.03	
27.00	-9.57	-11.83	-0.06	-13.71	-62.18	-2.61	-28.43	-60.78	3.49	9.14	-0.79	-0.36	21.32	-17.68	-6.54	-20.01	1.64	-31.80	0.75	-5.10	0.02	0.03	0.03	
28.00	-9.60	-6.82	0.58	7.76	-7.01	6.50	-25.29	-59.91	2.51	6.65	-0.99	-0.52	27.32	-13.68	-7.80	-22.19	1.07	-33.94	0.70	-5.61	0.00	0.03	0.02	
29.00	-15.42	-5.69	1.53	5.86	-38.68	-0.28	-23.20	-61.70	1.69	7.21	-3.17	0.25	16.12	-12.48	-6.09	-23.41	1.21	-36.20	0.80	-6.05	-0.07	0.03	0.03	
30.00	-13.85	-5.01	4.42	28.91	20.58	6.35	-18.71	-60.82	0.80	5.90	-3.56	0.03	21.32	-13.74	-5.74	-23.71	0.52	-38.35	0.82	-6.43	-0.08	0.03	0.03	
31.00	-23.14	-6.00	1.21	-14.08	-31.35	-11.45	-20.84	-60.99	0.29	7.04	-5.05	0.77	8.92	-13.58	-5.51	-25.57	1.18	-40.66	0.91	-6.76	-0.13	0.03	0.03	
32.00	-16.56	-5.63	5.42	22.58	-18.65	10.87	-17.47	-61.09	-0.30	6.39	-4.18	0.25	13.36	-11.58	-4.39	-26.53	0.73	-42.87	0.92	-7.12	-0.19	0.03	0.03	
33.00	-24.42	-2.46	4.03	-7.35	-29.45	-11.18	-17.59	-59.09	-0.87	6.38	-6.53	1.05	5.87	-12.86	-3.41	-28.11	0.89	-45.05	0.94	-7.47	-0.17	0.03	0.03	
34.00	-19.51	-3.55	3.83	8.09	-27.86	-11.03	-14.42	-59.48	-1.51	4.96	-6.15	1.29	8.98	-11.99	-4.03	-28.73	0.12	-47.25	0.93	-7.86	-0.22	0.03	0.03	
35.00	-20.52	-2.21	4.47	-4.77	17.16	-15.95	-13.06	-61.29	-2.08	4.36	-8.03	1.66	12.41	-11.48	-4.11	-29.62	-0.22	-49.28	1.04	-8.28	-0.25	0.03	0.04	
36.00	-22.22	-3.39	2.80	-16.03	-49.90	-28.27	-15.03	-60.19	-2.54	5.49	-7.19	1.42	4.30	-12.83	-2.91	-32.24	-0.21	-51.38	1.05	-8.71	-0.20	0.03	0.04	
37.00	-11.78	0.17	4.99	20.82	0.52	-11.30	-10.76	-59.00	-3.42	4.98	-7.35	1.48	15.53	-10.52	-3.42	-32.80	-0.77	-53.23	1.20	-9.24	-0.23	0.03	0.04	
38.00	-17.79	-1.33	2.45	-13.33	-35.55	-32.56	-10.21	-59.76	-4.14	3.99	-7.51	1.58	6.74	-11.64	-2.82	-33.62	-1.40	-55.18	1.31	-9.84	-0.23	0.03	0.05	
39.00	-17.73	1.26	3.54	-1.71	-21.56	-23.47	-10.97	-58.39	-4.68	3.22	-6.97	1.58	9.37	-10.19	-2.23	-36.60	-2.55	-57.27	1.38	-10.50	-0.22	0.03	0.06	
40.00	-10.42	-3.15	1.09	-1.49	-0.86	-16.77	-9.11	-60.75	-5.68	3.31	-6.51	1.32	16.57	-10.86	-5.45	-37.26	-3.12	-59.31	1.44	-11.20	-0.18	0.03	0.06	
41.00	-12.72	-5.74	5.76	5.25	-62.27	-7.12	-8.18	-60.38	-6.32	1.90	-5.48	1.33	8.99	-14.08	-2.49	-39.33	-3.49	-61.70	1.56	-11.88	-0.20	0.03	0.07	
42.00	-14.53	6.84	-3.19	-22.41	1.04	-65.24	-7.43	-58.35	-6.37	-0.84	-8.38	1.61	15.15	-8.46	-4.93	-39.77	-4.89	-63.99	1.56	-12.49	-0.19	0.03	0.07	
43.00	-9.35	-8.09	5.43	7.90	-47.27	13.46	-5.75	-61.19	-7.33	0.08	-2.91	0.21	13.31	-14.26	-3.96	-41.49	-5.73	-66.66	1.56	-13.07	-0.17	0.03	0.07	
44.00	-10.96	-15.59	9.19	4.90	-27.53	32.68	-4.12	-61.51	-7.96	-4.11	-0.30	-0.13	15.43	-20.96	-4.92	-42.86	-7.99	-69.29	1.60	-13.57	-0.22	0.03	0.07	
45.00	-7.40	-10.15	3.54	3.70	1.57	-0.53	-3.75	-62.28	-8.26	-2.03	-1.39	-0.22	19.54	-17.27	-4.47	-43.17	-7.48	-72.08	1.48	-14.28	-0.24	0.03	0.07	
46.00	-34.07	18.44	-18.69	-63.74	24.52	-192.94	-7.86	-54.00	-6.91	-9.84	-3.62	-0.06	10.67	-3.70	-6.01	-44.61	-10.54	-75.05	1.30	-14.73	-0.14	0.03	0.07	
47.00	18.29	-48.04	26.71	82.12	-57.16	230.41	6.79	-68.50	-10.87	-2.94	10.39	-1.71	26.17	-36.25	-5.56	-43.98	-10.62	-77.87	1.09	-15.12	-0.20	0.03	0.06	
48.00	-13.70	-13.70	3.23	3.14	-16.38	-2.01	0.03	-60.79	-9.03	-12.03	4.37	-0.90	17.69	-20.11	-4.69	-44.99	-13.27	-80.60	0.65	-15.59	-0.07	0.03	0.05	
49.00	-10.06	-14.60	-0.94	0.30	-16.81	-14.51	1.57	-60.38	-9.23	-13.20	6.71	-0.65	19.76	-19.18	-5.91	-44.88	-15.62	-83.13	0.24	-16.14	0.07	0.03	0.04	
50.00	-10.73	-5.98	3.66	7.07	6.76	-9.99	3.85	-61.76	-9.33	-18.41	-0.75	-0.10	24.07	-17.32	-3.81	-43.71	-18.42	-85.26	-0.10	-16.63	-0.00	0.03	0.03	
51.00	-13.99	-3.35	1.82	12.15	-39.19	-39.36	7.00	-59.37	-9.05	-23.29	-1.75	0.56	18.61	-19.05	-4.03	-42.16	-21.14	-87.15	-0.77	-16.89	0.21	0.03	0.00	
52.00	-12.96	1.97	3.04	5.22	7.68	-43.10	9.33	-57.99	-8.96	-27.74	-2.80	0.62	26.75	-15.42	-2.91	-40.04	-21.68	-88.57	-0.64	-17.08	0.27	0.03	-0.00	
53.00	-4.46	-0.23	4.05	-7.95	-39.65	-26.76	11.77	-55.03	-8.19	-23.31	0.36	0.49	24.49	-13.85	-0.22	-37.65	-16.87	-89.47	0.19	-17.02	0.64	0.03	0.01	
54.00	10.57	-4.48	1.84	18.61	-43.38	-28.68	15.26	-52.27	-7.81	-18.39	2.11	0.62	31.30	-13.66	-0.51	-34.29	-12.04	-89.57	1.18	-17.07	1.52	0.03	0.03	
55.00	-1.32	1.87	-3.98	-58.44	6.84	-65.09	12.39	-46.39	-7.10	-24.30	1.77	1.08	35.88	-7.72	1.26	-31.99	-12.81	-88.57	1.55	-17.09	2.54	0.03	0.03	
56.00	4.24	-19.22	3.72	-7.21	-82.93	26.53	19.52	-45.19	-7.68	-30.37	6.53	1.44	30.71	-16.00	-1.50	-27.18	-15.62	-86.26	1.57	-17.09	3.88	0.03	0.04	
57.00	-2.88	-25.76	7.11	-18.64	-15.81	82.52	19.74	-41.91	-7.95	-34.90	9.74	2.03	35.43	-15.39	-2.66	-23.89	-17.41	-82.68	1.20	-17.00	5.19	0.03	0.06	
58.00	-16.82	-24.52	-2.24	-22.91	-37.73	49.41	19.27	-33.76	-7.56	-39.41	13.59	2.69	24.01	-9.44	-4.96	-19.98	-18.74	-77.96	-0.56	-16.75	6.52	0.03	0.08	
59.00	-28.40	-13.06	-11.13	-18.58	-37.50	-15.06	17.84	-24.07	-7.18	-41.22	13.58	3.00	16.21	2.00	-2.78	-15.76	-18.75	-72.16	-3.39	-16.18	7.39	0.03	0.06	
60.00	-23.06	-2.16	-19.13	9.87	-19.17	-58.39	15.46	-19.15	-6.86	-41.50	4.55	3.03	23.16	10.68	-4.81	-12.30	-18.25	-65.34	-6.29	-15.32	7.76	0.03	0.05	
61.00	-10.80	-16.06	-4.79	34.46	-136.96	53.83	19.49	-19.40	-7.31	-44.43	0.34	2.70	19.87	6.26	-5.60	-7.77	-18.68	-57.72	-9.07	-13.90	8.06	0.03	0.04	
62.00	-13.00	-13.56	0.10	33.24	-74.06	65.90	15.85	-12.93	-7.08	-43.50	-1.90	2.52	24.23	9.20	-0.64	-5.22	-18.26	-49.36	-11.57	-12.22	8.38	0.03	0.03	
63.00	-21.66	7.59	-16.63	10.07	-76.35	-38.54	13.60	-4.00	-6.55	-46.56	-8.58	3.31	20.38	20.00	-4.80	-2.95	-18.96	-40.42	-14.06	-10.20	8.79	0.04	0.03	
64.00	-20.15	-5.65	-6.35	10.82	-87.75	32.00	12.10	-6.39	-5.82	-44.17	-7.06	3.37	17.11	17.50	-2.50	-0.94	-19.63	-31.22	-16.77	-8.04	9.35	0.05	0.03	
65.00	-25.32	-7.43	-8.43	-12.73	-37.77	14.64	8.82	-2.77	-5.04	-44.65	-10.28	3.97	19.34	16.42	-2.09	0.08	-20.97	-22.70	-19.64	-5.86	10.06	0.06	0.03	
66.00	-21.24	-18.92	3.64	14.96	-54.45	88.42	9.52	-3.37	-4.05	-44.15	-11.11	4.06	19.88	12.13	-0.04	0.52	-22.81	-15.10	-22.70	-3.94	10.81	0.07	0.03	
67.00	-43.26	11.68	-24.57	-12.04	2.71	-105.72	3.60	6.52	-2.29	-45.10	-20.34	4.98	10.28	26.06	-3.60	-0.08	-24.61	-8.91	-25.86	-2.44	11.52	0.07	0.03	
68.00	-16.62	-13.33	1.00	14.18	-28.57	36.91	8.93	1.18	-2.26	-44.76	-17.75	4.37	25.33	17.21	1.75	0.42	-27.19	-4.30	-29.16	-1.35	12.05	0.07	0.03	
69.00	-26.74	-12.32	-2.64	27.11	-14.52	30.55	8.23	0.70	-1.30	-44.03	-20.52	4.23	19.85	21.20	0.49	0.85	-29.19	-0.93	-32.49	-0.53	12.54	0.07	0.03	
70.00	-19.91	-10.01	-6.28	10.37	-13.90	6.45	7.95	1.65	-1.45	-44.20	-24.72	4.29	26.36	23.58	-0.32	1.12	-31.40	0.75	-35.99	-0.21	12.95	0.07	0.03	
71.00	-14.94	-10.98	-4.70	14.05	-23.11	1.84	9.27	0.98	-1.57	-43.46	-27.79	4.15	29.20	24.52	1.20	0.56	-33.44	1.66	-39.50	0.01	13.32	0.08	0.03	
72.00	-16.91	-12.17	-2.86	19.38	-27.69	6.41	9.81	-1.63	-1.14	-41.09	-29.91	3.88	26.46	25.96	4.85	2.49	-34.70	1.67	-42.97	0.00	13.71	0.06	0.03	
73.00	-16.33	-9.25	-3.87	13.50	-2.01	1.06	11.10	0.19	-1.56	-43.13	-32.62	3.85	31.83	26.70	3.61	2.19	-36.95	1.34	-46.27	0.06	14.12	0.05	0.03	
74.00	-17.78	-11.37	0.56	-10.82	-42.42	4.61	10.73	-0.49	-1.28	-41.73	-33.49	3.54	26.79	23.93	6.74	2.68	-37.49	0.98	-49.28	0.13	14.48	0.04	0.03	
75.00	-6.09	-13.57	-4.96	11.47	-24.08	-7.28	9.44	-0.84	-1.22	-38.18	-35.40	3.34	38.48	22.41	2.56	2.49	-38.57	0.72	-52.00	0.10	14.70	0.02	0.03	
76.00	-11.43	-10.52	-0.08	-6.98	-53.44	-1.98	10.37	-0.67	-1.24	-34.49	-35.91	3.13	25.20	22.67	8.13	2.95	-38.71	0.75	-54.46	0.11	14.83	0.02	0.03	
77.00	-15.58	-12.86	-3.56	13.60	-7.10	-12.33	8.47	-2.01	-0.61	-33.73	-36.67	2.95	29.80	20.41	6.17	2.47	-39.32	0.73	-56.69	0.03	14.81	0.02	0.03	
78.00	-17.74	-15.75	-3.59	-11.65	-15.96	-4.40	8.49	-2.86	-0.53	-31.86	-36.52	2.66	25.01	18.73	3.89	1.84	-39.33	0.85	-58.69	0.03	14.72	0.03	0.03	
79.00	-19.70	-13.00	-3.77	7.23	-20.43	-14.05	9.32	-3.47	-0.10	-30.87	-36.94	2.58	21.12	17.96	5.30	2.54	-39.77	0.92	-60.58	-0.04	14.63	0.03	0.03	
80.00	-19.35	-15.85	-6.66	3.84	-10.70	-9.74	6.45	-4.05	-0.17	-24.94	-36.47	2.19	19.87	17.46	3.79	1.18	-38.82	0.88	-62.43	-0.07	14.55	0.03	0.03	
81.00	-23.13	-15.43	-4.74	9.95	-39.74	-5.11	7.93	-7.29	1.08	-25.62	-37.28	2.32	12.64	16.95	4.68	2.56	-39.58	0.97	-64.32	-0.13	14.57	0.03	0.03	
82.00	-22.35	-17.23	-3.13	-7.52	-9.62	-0.74	7.45	-5.52	0.38	-22.65	-36.68	2.03	14.29	13.73	5.01	1.09	-39.13	1.06	-66.17	-0.16	14.63	0.04	0.03	
83.00	-23.07	-13.50	-4.24	1.49	-19.45	5.47	8.34	-6.58	0.86	-23.97	-36.79	2.07	12.84	16.58	3.84	1.77	-40.24	1.11	-68.11	-0.19	14.78	0.04	0.03	
84.00	-20.81	-15.04	-3.40	15.85	-1.12	-1.51	9.83	-6.01	0.75	-19.91	-36.87	1.80	10.96	14.50	5.37	1.69	-40.17	1.18	-70.03	-0.20	14.93	0.04	0.03	
85.00	-19.50	-17.72	-5.45	7.22	-24.51	6.77	5.71	-7.16	1.48	-18.77	-36.46	1.50	13.27	14.55	3.19	0.35	-41.34	1.15	-72.13	-0.25	15.11	0.04	0.03	
86.00	-21.82	-12.18	-3.39	-6.76	-27.62	0.78	7.02	-4.79	0.35	-19.29	-37.19	1.29	10.66	14.63	5.30	0.16	-42.38	1.32	-74.26	-0.20	15.23	0.05	0.03	
87.00	-16.35	-14.35	-4.25	2.16	-6.20	4.57	5.02	-5.46	0.81	-15.16	-37.26	0.65	15.40	14.13	4.38	-1.13	-42.77	1.43	-76.44	-0.23	15.31	0.05	0.03	
88.00	-16.30	-12.53	-3.60	-9.10	-37.92	0.08	7.46	-3.74	0.04	-17.14	-37.13	0.38	12.46	14.22	4.31	0.08	-44.71	1.49	-78.77	-0.20	15.48	0.05	0.03	
89.00	-15.52	-12.09	-4.78	-0.76	-14.74	-2.76	5.94	-3.90	0.51	-16.13	-37.73	0.03	15.66	15.47	3.94	-1.68	-46.52	1.60	-81.28	-0.15	15.68	0.06	0.03	
90.00	-13.30	-12.06	-5.06	3.98	-33.72	-5.37	6.25	-1.64	0.04	-14.23	-37.60	-0.30	13.68	15.20	3.76	-1.82	-47.93	1.73	-83.81	-0.11	15.94	0.07	0.03	
91.00	-11.73	-9.79	-1.57	-9.25	-24.00	3.60	4.72	-1.01	0.01	-13.28	-37.90	-0.69	16.52	15.83	5.92	-2.90	-48.84	1.88	-86.28	-0.06	16.16	0.08	0.03	
92.00	-11.92	-9.12	-3.23	1.09	-28.46	2.16	1.56	-0.28	-0.02	-11.33	-38.32	-1.16	16.67	17.01	5.03	-5.07	-49.92	2.00	-88.89	-0.02	16.37	0.09	0.03	
93.00	-10.46	-9.06	-3.47	-2.51	-44.24	4.61	-1.42	0.71	0.06	-11.08	-37.68	-1.25	18.50	18.40	4.90	-6.95	-51.90	1.96	-91.56	-0.04	16.61	0.09	0.03	
94.00	-12.36	-8.16	-3.28	-2.24	-14.84	11.70	-5.27	-0.85	0.27	-9.56	-37.83	-1.66	21.88	21.91	5.96	-8.84	-52.48	1.69	-94.26	-0.10	16.82	0.08	0.03	
95.00	-23.49	-10.23	-3.80	-5.18	-15.96	13.45	-10.56	1.57	0.25	-8.06	-37.86	-1.96	14.91	20.51	6.27	-11.37	-53.58	1.38	-96.90	-0.10	17.00	0.07	0.03	
96.00	-19.41	-9.81	-2.84	-5.83	6.02	29.93	-14.29	-0.52	0.39	-6.30	-37.22	-2.27	22.77	24.88	6.71	-13.42	-53.43	1.10	-99.53	-0.19	17.16	0.07	0.03	
97.00	-22.90	-6.12	-3.44	3.68	-5.65	18.76	-19.13	2.37	0.11	-3.00	-37.59	-2.15	19.39	25.91	7.50	-17.31	-53.08	0.54	-101.99	-0.12	17.23	0.05	0.03	
98.00	-18.13	-7.32	-8.60	4.81	-19.24	-2.71	-25.02	-0.82	-0.34	-2.94	-37.76	-1.87	27.63	26.87	4.72	-22.04	-52.79	-0.19	-104.22	-0.25	17.25	0.03	0.03	
99.00	-19.50	-10.66	-12.42	-0.99	0.08	-13.48	-29.59	-4.10	-0.30	0.08	-38.42	-1.50	29.95	27.67	3.38	-25.45	-50.88	-0.83	-105.93	-0.25	17.20	0.01	0.03	
100.00	-26.45	-15.97	-14.29	2.46	5.65	0.25	-32.51	-9.28	0.39	3.93	-39.45	-0.91	24.81	27.43	3.87	-25.68	-48.84	-1.48	-107.26	-0.36	17.13	-0.02	0.03	
